445476375.77159,172,242,176,32,232,198,160,252,53,255,189,1,0
445476375.86281,208,36,16,29,140,210,208,252,18,255,156,1,0
445476375.92328,200,246,192,29,176,203,242,253,133,255,91,2,0
445476376.01274,164,34,12,40,12,198,170,253,187,253,198,6,0
445476376.16274,252,235,76,9,28,3,169,253,176,255,57,5,0
445476376.28370,44,42,176,68,108,181,101,251,160,0,173,3,0
445476376.34272,68,24,36,31,48,214,71,252,254,1,76,2,0
445476376.46273,92,13,208,11,176,160,148,255,103,2,172,0,0
445476376.70282,200,19,52,11,216,181,149,3,146,3,165,253,0
445476376.79272,0,242,236,44,104,182,62,9,2,4,130,250,0
445476376.88298,144,241,180,48,76,197,231,8,98,2,137,250,0
445476377.00281,144,7,60,46,0,202,111,8,243,1,253,250,0
445476377.09264,224,21,140,30,108,198,108,8,210,2,38,250,0
445476377.18322,192,22,88,8,220,207,25,7,150,4,241,249,0
445476377.27347,204,23,12,250,168,208,142,6,121,5,127,250,0
445476377.51295,28,2,4,0,240,211,36,4,99,5,25,251,0
445476377.63319,8,71,52,32,156,221,217,5,7,2,28,250,0
445476377.69297,204,22,236,253,156,222,28,4,245,3,114,251,0
445476377.78314,24,19,188,249,0,241,152,3,217,5,195,249,0
445476377.90353,104,20,120,242,156,201,13,5,177,1,121,249,0
445476378.02307,192,50,220,35,32,206,95,6,22,0,146,249,0
445476378.14358,160,55,52,33,148,215,141,6,199,0,217,249,0
445476378.20326,248,48,20,41,36,200,236,5,137,2,221,248,0
445476378.29290,184,54,136,26,212,189,122,5,129,3,218,248,0
445476378.41302,4,45,236,8,180,181,59,6,209,5,215,249,0
445476378.53288,96,31,92,6,228,158,45,8,167,7,195,250,0
445476378.59305,140,25,116,17,160,149,239,8,251,7,85,251,0
445476378.68337,228,23,188,24,52,155,82,9,244,7,251,251,0
445476378.77301,20,18,160,32,208,156,18,10,20,8,167,252,0
445476378.89474,240,15,132,57,12,155,103,11,254,5,203,252,0
445476379.04305,140,12,168,55,124,170,25,11,122,5,68,252,0
445476379.13318,192,13,16,43,84,174,217,10,70,5,39,252,0
445476379.25326,56,10,156,33,228,184,169,10,7,5,195,250,0
445476379.31362,148,17,44,44,208,177,92,10,138,4,127,249,0
445476379.40300,120,15,48,49,120,179,201,9,125,4,60,248,0
445476379.49299,84,18,60,54,200,186,31,10,28,5,7,247,0
445476379.61364,248,6,24,69,104,192,233,10,222,6,243,249,0
445476379.67298,32,30,144,3,0,128,67,9,252,7,94,251,0
445476379.76372,216,67,255,127,0,128,10,8,57,13,63,248,0
445476379.88308,228,246,112,91,248,238,7,10,82,13,103,253,0
445476379.97302,76,248,236,95,4,208,3,12,222,11,164,251,0
445476380.03297,8,66,255,127,84,10,44,14,230,9,57,251,0
445476380.09313,220,223,196,88,0,128,26,14,177,13,252,248,0
445476380.15317,64,15,28,58,220,244,56,13,157,14,20,251,0
445476380.21317,56,5,172,64,0,128,83,13,100,15,212,250,0
445476380.33307,100,14,224,67,100,153,203,13,248,15,139,255,0
445476380.45351,176,31,248,76,144,160,165,13,200,15,187,2,0
445476380.51338,28,232,120,43,136,193,79,11,103,13,40,10,0
445476380.57306,180,51,28,37,20,21,64,13,235,12,190,10,0
445476380.69309,0,98,104,35,108,211,133,13,79,9,10,12,0
445476380.78307,255,127,108,70,184,178,54,23,212,9,146,251,0
445476380.87304,255,127,148,107,224,38,126,17,111,9,211,1,0
445476381.05314,204,4,128,31,92,232,255,14,3,12,0,255,0
445476381.14326,244,70,100,41,160,221,102,13,113,12,129,253,0
445476381.23300,72,54,76,8,228,200,127,9,115,12,35,255,0
445476381.32337,255,127,52,31,8,233,32,7,138,11,164,254,0
445476381.38302,96,12,228,121,0,128,176,5,224,14,189,254,0
445476381.53086,92,27,172,73,4,203,8,3,42,11,68,5,0
445476381.59079,204,11,232,69,24,207,127,4,175,8,171,7,0
445476381.65096,64,238,184,109,92,205,217,3,255,7,107,7,0
445476381.71084,52,234,0,80,32,214,116,3,68,7,161,4,0
445476381.77081,88,247,60,45,136,255,8,3,82,4,34,5,0
445476381.86088,32,31,176,96,216,217,34,3,161,1,11,5,0
445476381.92105,100,12,212,71,56,65,69,3,194,3,226,0,0
445476382.10134,28,9,244,43,144,247,170,2,45,1,65,0,0
445476382.16113,208,7,108,29,208,9,233,0,218,0,192,253,0
445476382.22120,116,21,0,62,100,8,15,1,65,255,40,253,0
445476382.28176,40,55,224,67,128,34,154,0,170,255,188,252,0
445476382.34292,156,210,28,44,220,38,45,254,74,252,13,254,0
445476382.40288,100,242,208,249,80,238,47,255,49,252,103,1,0
445476382.46284,244,54,20,30,44,99,127,0,252,252,251,1,0
445476382.55315,255,127,240,59,168,6,150,255,0,252,176,254,0
445476382.61320,176,53,68,52,180,17,193,253,151,251,182,1,0
445476382.67307,244,54,92,38,160,5,214,253,135,251,105,7,0
445476382.76323,44,63,184,49,184,16,106,254,206,250,132,9,0
445476382.82405,52,89,136,56,20,10,72,252,201,254,117,8,0
445476382.88317,48,101,84,47,204,18,217,253,246,1,16,8,0
445476382.94313,128,87,48,24,8,13,102,254,59,5,224,5,0
445476383.00333,252,10,212,44,132,1,111,253,35,4,194,0,0
445476383.33313,8,34,240,21,236,6,72,255,72,1,16,255,0
445476383.39322,120,39,128,31,112,22,40,1,237,0,136,255,0
445476383.54316,44,57,204,22,76,5,152,254,39,253,61,253,0
445476383.72339,104,75,212,25,248,19,27,254,46,254,123,4,0
445476383.81398,180,68,204,18,104,12,5,253,202,253,191,3,0
445476383.90314,44,55,24,10,160,4,36,253,207,254,114,1,0
445476384.05332,152,42,188,28,220,4,61,252,165,254,169,1,0
445476384.14384,108,75,208,241,204,17,177,252,131,254,119,255,0
445476384.38314,228,73,180,255,12,252,248,254,208,0,23,255,0
445476384.44372,188,63,88,9,60,2,221,254,56,0,205,255,0
445476384.50378,112,61,16,8,192,2,202,254,178,255,35,0,0
445476384.59336,64,64,216,7,152,2,8,255,155,255,31,0,0
445476384.68314,12,67,4,7,128,7,86,255,210,0,91,255,0
445476384.89326,92,61,60,12,236,12,66,255,25,0,75,255,0
445476384.95310,92,59,168,15,64,4,247,252,141,255,170,255,0
445476385.01372,204,57,124,19,112,2,214,252,151,255,192,254,0
445476385.13321,232,74,0,6,208,250,150,252,225,255,57,254,0
445476385.22323,80,70,192,10,40,254,112,252,46,0,173,254,0
445476385.28316,180,75,40,14,204,4,143,251,71,0,255,254,0
445476385.37332,164,43,8,37,100,252,103,251,161,255,25,255,0
445476385.49329,176,62,156,26,208,247,92,250,51,255,27,254,0
445476385.58320,248,70,192,15,80,248,149,250,61,255,10,254,0
445476385.73320,120,69,92,249,148,247,186,252,155,255,232,254,0
445476385.82412,240,68,232,251,64,255,22,254,200,255,168,255,0
445476385.94326,144,62,128,4,80,1,12,255,242,255,103,0,0
445476386.03320,204,62,108,6,124,1,253,255,238,255,251,255,0
445476386.09327,76,71,136,10,132,255,163,0,152,255,246,0,0
445476386.15331,152,66,196,3,56,0,61,1,55,255,126,1,0
445476386.30323,8,64,112,11,236,0,16,2,169,255,250,255,0
445476386.42387,228,62,84,25,152,9,255,0,114,255,240,254,0
445476386.54330,16,60,204,45,148,19,50,255,74,255,109,1,0
445476386.66379,112,63,152,33,240,6,7,253,42,0,63,254,0
445476386.81372,140,61,216,26,160,248,191,251,181,255,113,254,0
445476386.90338,28,68,8,249,88,250,201,252,150,255,157,254,0
445476387.02390,96,75,120,225,252,240,22,0,17,0,27,255,0
445476387.08325,40,77,132,231,180,241,80,2,196,0,87,0,0
445476387.26395,8,69,204,248,244,195,64,9,135,1,2,1,0
445476387.41411,12,68,236,27,228,158,61,14,95,3,137,0,0
445476387.53331,216,62,204,55,0,128,75,17,119,4,211,0,0
445476387.59325,208,57,36,76,0,128,248,18,158,4,40,1,0
445476387.74329,236,11,255,127,0,128,124,21,183,3,217,0,0
445476387.86339,224,14,255,127,0,128,35,28,26,1,134,251,0
445476387.98328,224,60,255,127,60,22,16,31,88,5,137,251,0
445476388.13382,36,241,216,108,20,108,129,27,25,11,252,3,0
445476388.19395,216,18,116,216,100,20,41,29,113,4,239,9,0
445476388.25354,255,127,96,237,255,127,199,28,172,252,138,9,0
445476388.34335,132,31,0,128,255,127,194,32,105,251,34,7,0
445476388.43338,176,23,0,128,52,62,85,25,39,245,234,5,0
445476388.58332,68,26,0,128,0,128,165,23,48,248,9,2,0
445476388.67317,116,46,0,128,0,128,8,26,120,246,179,253,0
445476388.85330,200,10,0,128,0,128,167,24,70,249,206,252,0
445476388.94374,180,254,0,128,0,128,145,25,143,250,61,252,0
445476389.03336,204,31,124,166,0,128,189,24,20,252,253,251,0
445476389.09330,156,242,112,240,0,128,52,24,169,253,164,251,0
445476389.15350,196,36,184,29,0,128,44,24,245,255,114,250,0
445476389.24340,220,223,96,17,0,128,208,27,22,1,188,251,0
445476389.33353,92,13,88,127,0,128,172,26,117,255,80,250,0
445476389.39398,136,32,255,127,0,128,159,27,145,0,101,251,0
445476389.45349,120,42,255,127,0,128,208,25,98,3,139,250,0
445476389.51356,100,60,128,118,0,128,13,30,24,2,45,254,0
445476389.87322,192,245,255,127,20,196,139,32,15,4,132,3,1
445476389.96319,176,218,255,127,252,139,232,30,93,0,2,3,0
445476390.02314,40,14,255,127,240,79,159,28,8,255,89,6,0
445476390.08329,204,75,124,203,12,113,166,25,189,250,174,3,0
445476390.14319,52,43,232,220,132,57,254,24,60,254,123,3,0
445476390.20366,28,49,0,128,196,35,185,25,4,253,218,3,1
445476390.35373,152,46,0,128,12,169,25,23,146,249,92,5,0
445476390.41335,80,203,0,128,76,15,17,27,176,249,45,6,0
445476390.47316,228,1,0,128,0,128,45,24,41,249,166,2,0
445476390.62341,112,221,0,128,172,213,176,25,36,246,18,1,0
445476390.71332,124,192,0,128,0,128,173,19,194,246,241,3,0
445476390.80371,56,11,12,172,0,128,75,22,163,244,57,0,1
445476391.01344,216,99,248,3,0,128,26,14,108,1,39,248,0
445476391.13313,124,252,12,33,0,128,215,15,58,5,224,246,0
445476391.19306,144,4,200,31,196,29,106,18,115,28,255,253,0
445476391.25340,64,183,0,240,80,6,41,15,79,9,194,255,0
445476391.31329,28,66,48,48,0,128,224,13,85,255,149,255,0
445476391.37318,188,166,0,89,88,10,116,13,209,253,55,6,0
445476391.43311,184,15,255,127,0,128,106,15,144,2,82,1,0
445476391.55339,108,46,144,248,196,189,61,11,172,1,222,255,0
445476391.61339,0,128,255,127,16,23,233,10,81,255,139,3,0
445476391.67377,0,128,184,7,188,33,108,10,235,3,163,2,0
445476391.82396,255,127,136,246,180,65,180,8,190,1,221,3,0
445476391.91358,255,127,68,7,80,254,202,5,194,0,27,1,0
445476392.18341,0,128,32,42,16,192,18,253,41,252,68,255,0
445476392.30348,156,0,4,7,148,255,0,0,111,255,91,255,0
445476392.39353,196,75,152,242,20,250,208,255,60,0,116,0,0
445476392.48319,172,69,208,252,100,0,243,255,241,255,235,255,0
445476392.63351,56,65,0,2,160,8,235,255,29,0,186,255,0
445476392.72350,204,62,132,248,240,2,220,255,231,255,246,255,0
445476392.78343,144,65,224,251,160,7,218,255,229,255,243,255,0
445476392.90349,188,64,132,250,40,6,217,255,10,0,50,0,0
445476393.02349,84,64,0,251,148,6,227,255,241,255,230,255,0
445476393.11373,112,65,164,250,68,7,227,255,250,255,254,255,0
445476393.20351,56,65,20,252,200,6,230,255,9,0,235,255,0
445476393.29355,100,65,168,250,132,6,227,255,6,0,239,255,0
445476393.35358,128,81,20,253,80,242,3,0,70,255,121,254,0
445476393.44351,0,59,88,238,32,10,201,0,22,255,50,254,0
445476393.56362,20,249,4,237,104,243,133,255,171,253,242,251,0
445476393.65452,184,98,144,33,100,15,129,255,66,251,51,252,0
445476393.80345,255,127,96,48,216,253,139,252,179,253,30,253,0
445476393.89347,192,105,32,35,232,242,41,252,84,0,61,254,0
445476394.01407,176,86,32,33,12,4,219,251,210,0,36,254,0
445476394.10356,84,36,252,44,184,237,245,249,10,255,243,254,0
445476394.19356,184,27,76,55,64,215,165,247,132,251,249,0,0
445476394.31375,120,32,244,43,156,219,127,245,40,250,26,3,0
445476394.43347,176,58,64,23,212,215,113,246,40,253,188,3,0
445476394.49346,28,73,56,21,240,224,8,247,23,254,114,3,0
445476394.55359,244,61,200,4,52,231,1,248,113,255,234,2,0
445476394.61360,200,75,12,11,212,214,14,250,73,1,110,2,0
445476394.67329,88,69,156,236,60,219,14,252,122,2,58,1,0
445476394.76367,52,45,48,129,160,237,61,254,15,4,237,253,0
445476394.85343,88,190,176,227,92,53,185,254,135,254,94,255,0
445476394.91464,224,55,208,80,64,214,166,251,74,251,90,0,0
445476394.97333,192,64,100,28,212,242,238,249,252,250,174,1,0
445476395.03353,176,72,136,27,112,228,186,249,54,252,133,1,0
445476395.09350,108,68,76,6,244,208,174,248,21,252,238,1,0
445476395.18348,16,49,124,16,108,237,158,247,144,252,34,3,0
445476395.24349,188,98,56,26,44,232,87,247,44,255,70,3,0
445476395.36366,184,41,0,216,172,241,222,246,204,0,36,1,0
445476395.51365,16,75,52,251,208,222,84,247,231,255,51,0,0
445476395.57355,164,65,108,12,104,208,119,247,15,0,246,255,0
445476395.66423,236,42,240,248,180,197,133,247,10,0,102,255,0
445476395.78344,116,74,184,4,100,220,129,247,61,255,242,255,0
445476395.90360,176,88,244,15,104,231,184,247,241,255,191,0,0
445476395.99357,64,43,48,11,104,206,81,248,45,0,52,0,0
445476396.05364,148,53,16,238,68,213,127,249,44,255,102,255,0
445476396.11379,116,59,180,219,144,223,159,250,204,254,67,255,0
445476396.20354,224,60,172,210,48,235,78,252,172,254,33,255,0
445476396.29357,64,74,68,214,32,231,63,0,199,254,102,255,0
445476396.41350,148,85,12,248,44,2,171,1,160,255,157,0,0
445476396.56420,8,51,168,10,240,234,92,3,98,1,62,1,0
445476396.65357,92,45,140,22,44,245,75,3,218,255,86,255,0
445476396.74356,212,79,196,8,24,238,29,3,49,0,231,254,0
445476396.86409,232,35,200,241,100,221,174,4,8,0,47,255,0
445476396.95361,48,33,164,247,20,223,46,5,100,255,35,254,0
445476397.04365,212,46,228,26,248,228,155,5,245,253,122,252,0
445476397.19365,172,75,176,49,120,5,172,2,3,255,243,255,0
445476397.25362,144,69,80,26,76,241,47,1,175,255,224,0,0
445476397.37363,228,66,16,89,144,244,122,253,24,255,194,1,0
445476397.49357,44,59,108,70,228,242,207,250,184,255,53,2,0
445476397.61368,44,55,112,50,100,213,8,248,23,0,101,0,0
445476397.70359,200,68,208,39,236,212,4,247,71,255,18,0,0
445476397.76354,192,118,140,218,176,165,219,248,19,2,97,1,0
445476397.88362,92,45,160,186,24,210,127,251,206,2,240,1,0
445476397.94362,160,36,164,157,144,219,250,1,142,0,35,0,0
445476398.03419,228,60,64,162,100,210,190,5,142,255,93,255,0
445476398.12361,16,108,112,206,188,146,158,13,163,3,208,255,0
445476398.21395,224,77,100,215,0,128,184,16,37,5,86,0,0
445476398.27364,104,47,172,254,0,128,96,19,36,4,139,0,0
445476398.33363,44,28,48,238,0,128,53,21,1,3,91,255,0
445476398.42382,116,55,120,57,0,128,30,25,165,2,189,254,0
445476398.51389,124,8,52,107,0,128,243,25,223,1,160,0,0
445476398.57352,104,11,255,127,0,128,24,26,159,254,30,0,0
445476398.69358,156,116,255,127,0,128,100,32,188,249,75,250,0
445476398.81444,112,84,255,127,0,128,220,36,31,2,161,249,0
445476398.93365,64,35,255,127,64,42,73,34,118,11,195,2,0
445476398.99355,92,56,255,127,248,184,245,34,11,9,210,8,0
445476399.05373,240,47,255,127,255,127,133,34,98,5,74,14,0
445476399.11361,220,181,64,245,244,113,84,24,170,253,209,13,0
445476399.20394,168,215,212,236,255,127,125,24,13,244,203,6,0
445476399.26390,255,127,0,128,120,158,221,24,67,242,126,4,0
445476399.32377,20,225,0,128,255,127,10,31,47,254,65,1,0
445476399.47358,4,149,0,128,0,128,232,28,251,250,66,1,0
445476399.59376,196,48,0,128,0,128,219,28,174,251,227,1,0
445476399.65379,180,31,0,128,0,128,13,21,158,250,152,1,0
445476399.80495,72,41,68,232,0,128,177,19,82,247,44,1,1
445476399.95453,56,53,112,11,0,128,108,24,183,244,201,250,0
445476400.01681,48,48,0,99,0,128,248,25,43,248,112,248,0
445476400.07354,140,69,255,127,0,128,244,26,51,253,140,247,0
445476400.13331,84,37,255,127,0,128,226,21,214,5,83,252,0
445476400.19668,168,32,204,18,0,128,137,27,113,4,244,250,1
445476400.25432,255,127,255,127,0,128,45,20,122,255,208,250,0
445476400.37376,0,128,255,127,32,27,170,35,177,17,244,0,0
445476400.49359,255,127,255,127,255,127,187,33,71,2,64,4,0
445476400.55339,180,244,108,113,0,128,105,25,206,7,213,1,0
445476400.64342,48,45,255,127,148,249,120,31,179,6,189,7,0
445476400.70364,216,39,255,127,255,127,249,14,161,253,196,10,0
445476400.76342,232,32,64,130,0,128,14,25,250,246,239,7,0
445476400.82355,255,127,255,127,52,232,85,12,51,251,26,11,0
445476400.94338,0,128,200,17,64,68,11,30,247,14,239,12,0
445476401.00392,255,127,255,127,0,128,31,15,123,245,225,1,0
445476401.06371,188,212,240,182,248,110,52,20,95,251,167,255,0
445476401.12372,48,230,196,172,104,135,233,17,78,2,44,5,0
445476401.18442,148,3,208,3,255,127,104,21,159,4,145,10,0
445476401.24367,255,127,172,187,176,214,54,16,2,244,164,10,0
445476401.36386,255,127,0,128,0,128,251,21,236,255,255,253,0
445476401.45370,64,126,68,249,0,128,228,11,21,248,162,2,0
445476401.54374,128,211,76,185,88,36,159,14,163,4,31,249,0
445476401.81381,248,33,0,128,0,128,74,12,223,11,124,251,0
445476401.87357,16,16,160,249,255,127,118,7,25,7,213,6,0
445476402.05426,228,113,20,43,20,27,221,1,177,0,198,0,0
445476402.20377,36,62,44,249,232,12,255,255,221,255,238,255,0
445476402.29385,140,65,60,251,144,3,232,255,216,255,191,255,0
445476402.35375,16,63,40,252,32,3,237,255,231,255,233,255,0
445476402.41389,12,66,76,250,80,7,234,255,30,0,37,0,0
445476402.62376,28,66,220,249,112,7,232,255,247,255,225,255,0
445476402.68377,120,65,148,250,84,5,226,255,248,255,240,255,0
445476402.83376,192,65,188,250,128,5,227,255,250,255,231,255,0
445476402.89371,60,65,216,250,120,5,228,255,10,0,2,0,0
445476402.95371,76,65,128,250,104,5,227,255,254,255,239,255,0
445476403.04403,44,65,148,250,168,4,226,255,245,255,222,255,0
445476403.19387,132,57,136,250,208,0,221,255,205,255,251,255,0
445476403.31393,180,87,204,250,68,13,215,255,67,0,103,0,0
445476403.37373,152,60,52,252,148,0,212,255,211,255,202,255,0
445476403.43372,224,67,228,250,128,5,225,255,20,0,10,0,0
445476403.52433,76,66,128,250,148,4,226,255,238,255,220,255,0
445476403.67370,104,65,64,251,200,4,227,255,2,0,245,255,0
445476403.79387,64,65,208,250,176,4,227,255,249,255,236,255,0
445476403.88379,128,65,144,250,80,5,227,255,8,0,255,255,0
445476403.97368,244,73,52,241,252,243,185,255,33,0,0,0,0
445476404.03376,216,67,176,248,196,6,12,0,228,255,223,255,0
445476404.12380,48,65,224,250,216,1,220,255,18,0,247,255,0
445476404.21384,4,64,24,251,84,5,229,255,244,255,233,255,0
445476404.30382,120,65,0,251,80,5,230,255,3,0,238,255,0
445476404.42385,140,65,92,250,152,5,228,255,4,0,244,255,0
445476404.51380,100,65,240,250,84,5,228,255,2,0,242,255,0
445476404.57381,44,65,28,251,224,4,225,255,255,255,239,255,0
445476404.66396,148,65,152,250,240,4,227,255,3,0,246,255,0
445476404.78432,44,65,112,8,248,252,212,255,152,255,8,0,0
445476404.87375,116,66,232,242,12,244,155,0,126,254,88,1,0
445476404.99385,244,248,56,0,220,241,247,254,116,252,150,2,0
445476405.14382,255,127,32,221,240,252,153,255,73,1,203,3,0
445476405.23384,144,54,140,244,60,215,110,251,194,255,65,3,0
445476405.32395,120,54,92,249,100,222,2,250,223,255,57,1,0
445476405.38377,44,90,92,243,148,209,250,249,51,2,33,0,0
445476405.53378,188,57,104,242,104,219,192,248,45,6,149,2,0
445476405.62388,208,34,212,244,116,212,182,248,107,8,178,3,0
445476405.74365,184,28,80,203,164,212,252,248,220,5,191,253,0
445476405.83388,248,57,168,202,0,218,230,248,85,5,90,254,0
445476405.92381,200,23,228,234,60,224,233,249,170,3,77,255,0
445476406.01416,224,32,44,210,212,212,218,249,5,2,134,254,0
445476406.07373,12,33,84,197,144,217,141,249,87,0,117,253,0
445476406.16387,4,77,124,183,96,7,39,249,235,255,164,254,0
445476406.25382,180,54,172,245,140,231,225,249,70,2,236,254,0
445476406.34402,220,66,48,221,240,246,174,248,204,0,243,253,0
445476406.43439,28,64,180,232,144,239,78,249,186,0,227,253,0
445476406.49375,220,70,136,223,188,237,5,250,4,0,216,253,0
445476406.55385,24,88,60,222,220,2,96,251,44,0,162,253,0
445476406.64384,148,78,120,205,88,33,163,254,56,0,120,253,0
445476406.73381,72,65,160,170,228,47,6,5,253,1,44,254,0
445476406.79382,48,55,180,134,96,27,29,10,33,2,156,254,0
445476406.85394,172,57,0,128,28,227,197,15,65,2,96,0,0
445476407.03388,12,78,0,128,0,128,189,24,77,1,230,4,0
445476407.09391,156,40,0,128,0,128,107,26,5,0,45,8,0
445476407.18381,116,41,0,128,0,128,206,26,4,251,85,8,0
445476407.27384,80,30,0,128,0,128,132,26,44,246,249,7,0
445476407.33392,88,19,188,162,0,128,230,22,137,240,131,3,0
445476407.39387,196,19,200,219,0,128,20,20,131,242,133,253,0
445476407.45374,128,27,8,241,0,128,189,24,29,243,131,249,0
445476407.51389,136,113,240,255,0,128,191,22,167,241,159,245,0
445476407.60388,172,33,216,36,0,128,150,24,37,246,57,243,0
445476407.66384,100,17,255,127,0,128,121,27,213,4,79,246,0
445476407.72418,132,57,255,127,0,128,98,25,247,7,201,249,0
445476407.87353,200,57,255,127,0,128,230,25,135,8,78,252,0
445476408.02388,255,127,255,127,255,127,174,26,127,252,167,254,1
445476408.23371,0,128,255,127,0,128,47,16,253,23,150,0,0
445476408.29360,108,221,252,226,255,127,194,24,222,8,139,6,0
445476408.35365,255,127,255,127,0,128,95,16,206,229,79,255,0
445476408.44355,255,127,196,142,0,128,183,8,204,18,217,3,0
445476408.50366,255,127,0,128,0,128,164,18,85,18,77,248,0
445476408.56361,104,212,144,225,255,127,58,8,56,17,236,12,0
445476408.62370,255,127,96,238,56,180,37,4,122,9,190,21,0
445476408.68491,32,171,148,228,44,165,215,5,119,8,61,26,0
445476408.74397,32,222,244,91,188,64,22,0,179,1,101,5,0
445476408.80383,56,42,156,220,8,49,106,3,51,245,225,251,0
445476408.89402,140,78,36,31,36,102,148,2,5,1,40,2,0
445476408.95384,0,128,36,24,172,177,27,1,149,4,17,5,0
445476409.10385,144,52,28,35,188,25,252,0,92,254,213,250,0
445476409.22399,56,10,24,27,188,255,144,249,150,255,216,251,0
445476409.31374,84,38,44,218,32,43,47,249,137,255,116,252,0
445476409.46409,96,54,56,247,152,37,124,248,154,1,164,253,0
445476409.52397,108,42,136,222,136,32,181,248,108,2,35,255,0
445476409.64398,84,54,176,162,104,24,253,252,13,4,160,1,0
445476409.82418,248,95,176,193,108,239,49,0,43,3,206,246,0
445476409.88391,48,20,72,189,236,14,137,252,92,4,231,245,0
445476410.09403,228,11,172,210,148,12,63,253,225,0,147,247,0
445476410.24401,44,0,232,14,160,33,59,251,137,252,41,249,0
445476410.33390,212,38,68,161,160,38,103,255,158,254,227,255,0
445476410.42409,104,39,84,224,164,24,70,255,113,252,126,6,0
445476410.48401,68,45,188,224,60,14,134,255,63,252,36,8,0
445476410.54396,255,127,0,128,48,65,115,0,233,254,76,250,0
445476410.63400,76,118,72,204,88,251,209,2,238,255,118,255,0
445476410.69476,160,111,184,222,220,16,18,3,205,3,134,254,0
445476410.75404,144,76,72,236,60,5,209,4,242,3,77,251,0
445476410.81407,84,61,248,7,208,229,185,2,98,3,89,250,0
445476410.90402,116,60,240,5,24,255,4,1,69,3,62,252,0
445476410.96478,160,63,216,233,208,13,131,0,88,4,56,251,0
445476411.02389,204,44,176,238,152,31,97,0,10,3,177,250,0
445476411.11414,100,22,28,234,184,33,83,3,53,1,131,252,0
445476411.23401,236,32,0,9,72,41,62,0,163,254,14,255,0
445476411.32406,40,10,96,5,204,43,56,254,72,251,67,2,0
445476411.59401,56,82,56,35,228,27,188,252,204,250,85,3,0
445476411.65402,200,80,244,6,96,23,224,252,59,254,243,254,0
445476411.92402,0,75,144,248,220,252,46,252,218,253,48,1,0
445476412.10403,104,80,248,17,108,14,228,249,28,1,182,254,0
445476412.19415,164,85,160,253,232,245,149,249,174,2,110,254,0
445476412.28419,8,68,0,6,136,0,135,249,113,3,146,253,0
445476412.34406,48,61,156,21,156,5,171,248,196,2,108,253,0
445476412.43408,200,73,252,24,184,4,185,247,25,3,157,252,0
445476412.55460,156,69,208,230,252,243,254,248,138,0,198,252,0
445476412.67512,52,56,48,243,40,243,36,250,206,255,228,253,0
445476412.73400,148,64,56,11,252,244,34,253,76,254,81,255,0
445476412.82434,36,33,100,20,152,219,70,255,199,252,216,255,0
445476412.91413,108,41,212,206,216,198,39,0,211,247,115,0,0
445476413.00393,36,237,72,21,164,254,15,2,82,254,119,247,0
445476413.09411,184,127,160,29,136,16,156,1,217,255,240,249,0
445476413.21423,128,81,132,34,208,5,95,255,241,0,34,254,0
445476413.45401,152,110,144,30,64,248,66,255,129,0,124,255,0
445476413.51408,220,107,184,240,20,97,161,254,61,1,226,255,0
445476413.63410,12,82,32,20,132,2,154,252,76,255,71,1,0
445476413.87400,252,102,136,0,96,4,243,251,156,255,168,2,0
445476414.02430,64,59,224,26,136,237,62,254,142,255,42,3,0
445476414.14403,136,52,216,7,180,250,91,253,129,1,81,1,0
445476414.26399,76,78,96,9,96,244,201,253,214,1,18,1,0
445476414.32452,140,56,88,7,60,2,230,253,102,2,4,2,0
445476414.38409,20,35,224,244,196,37,246,254,135,3,236,3,0
445476414.44410,255,127,228,5,228,232,40,255,42,2,3,3,0
445476414.53404,120,59,20,6,224,10,48,254,254,1,231,0,0
445476414.59420,180,64,20,6,48,29,54,251,191,2,31,0,0
445476414.65464,236,41,184,1,160,14,255,249,56,2,16,255,0
445476414.74401,16,50,20,245,236,9,195,250,215,0,96,255,0
445476414.86414,68,69,216,0,28,6,128,250,49,255,62,255,0
445476414.92401,80,78,180,213,104,255,9,252,11,255,98,0,0
445476415.01417,224,48,212,234,208,6,66,254,80,255,113,0,0
445476415.13413,28,61,16,232,152,7,204,255,39,0,8,1,0
445476415.22405,120,62,48,210,176,244,60,5,53,255,182,1,0
445476415.46425,220,61,180,199,16,244,159,11,67,254,81,3,0
445476415.52402,160,84,72,29,136,163,181,24,173,247,80,8,0
445476415.67408,204,89,60,77,240,198,249,30,235,247,26,4,0
445476415.88407,28,100,148,110,68,197,182,35,175,254,17,1,0
445476415.97405,24,201,0,128,255,127,215,33,243,3,111,13,0
445476416.06428,216,173,0,128,68,134,18,37,97,253,247,16,0
445476416.12414,200,188,0,128,0,128,212,33,126,241,116,8,0
445476416.24424,40,78,0,128,0,128,95,24,179,249,158,252,0
445476416.33477,12,46,0,128,0,128,208,28,224,252,82,247,0
445476416.42409,124,85,132,97,0,128,232,23,213,253,77,249,0
445476416.51415,12,254,28,13,0,128,137,22,21,2,255,255,0
445476416.57414,216,86,255,127,0,128,161,24,241,253,214,252,0
445476416.66436,208,33,224,98,0,128,211,24,224,255,32,0,0
445476416.75442,212,229,255,127,0,128,64,28,251,255,13,255,0
445476416.84415,92,64,255,127,0,128,78,28,47,3,73,255,0
445476416.99431,24,126,255,127,0,128,50,29,28,7,96,251,0
445476417.05415,48,13,64,124,0,128,210,28,40,8,173,2,0
445476417.11417,244,230,255,127,188,197,156,30,80,8,13,7,0
445476417.23451,180,48,255,127,196,151,96,26,222,254,192,8,0
445476417.29407,20,63,140,66,220,54,65,25,52,252,56,9,0
445476417.35407,160,122,40,229,255,127,252,25,11,252,51,5,0
445476417.41415,100,221,0,128,255,127,47,18,226,4,190,3,0
445476417.47421,116,7,0,128,255,127,255,36,221,248,137,2,0
445476417.56423,255,127,0,128,255,127,25,28,146,251,22,3,0
445476417.62419,220,220,0,128,0,128,160,32,133,246,26,5,0
445476417.68420,164,83,0,128,0,128,97,32,39,253,119,3,0
445476417.83483,164,242,0,128,0,128,67,27,3,248,244,255,0
445476417.89421,255,127,0,128,0,128,24,25,101,250,182,1,0
445476418.04422,255,127,0,128,0,128,221,8,146,239,63,249,0
445476418.13424,252,38,255,127,0,128,130,30,238,242,166,245,0
445476418.19424,255,127,255,127,0,128,4,34,254,8,99,254,0
445476418.25406,255,127,64,16,0,128,113,28,77,8,92,251,0
445476418.31426,255,127,160,21,255,127,39,26,211,1,199,0,0
445476418.46441,255,127,255,127,0,128,90,25,13,8,153,10,0
445476418.52414,0,128,255,127,255,127,13,10,218,243,26,5,0
445476418.61423,0,128,136,75,0,128,15,14,69,21,99,0,0
445476418.70424,255,127,0,128,0,39,241,16,90,242,223,254,0
445476418.76435,0,128,132,255,28,220,185,21,13,6,100,252,0
445476418.82430,84,47,0,128,28,65,0,16,142,1,85,1,0
445476418.91443,255,127,16,163,204,109,205,13,201,8,205,249,0
445476419.00402,0,128,0,128,152,38,3,7,12,3,36,5,0
445476419.09407,255,127,92,28,0,128,129,5,11,250,17,4,0
445476419.30410,68,4,192,23,188,159,176,0,24,255,26,1,0
445476419.42417,152,74,32,250,200,233,141,255,5,0,135,255,0
445476419.48425,244,51,136,250,36,21,5,0,211,255,85,255,0
445476419.60426,72,56,84,246,176,7,0,0,11,0,226,255,0
445476419.75403,168,65,156,250,228,4,227,255,0,0,253,255,0
445476419.84467,136,65,28,251,232,4,228,255,0,0,247,255,0
445476419.96431,188,65,252,250,164,5,227,255,0,0,249,255,0
445476420.08192,100,65,220,250,132,5,227,255,3,0,247,255,0
445476420.17170,40,65,56,251,112,5,226,255,255,255,239,255,0
445476420.23170,112,65,116,251,228,4,225,255,2,0,244,255,0
445476420.29232,28,65,76,251,96,5,226,255,1,0,244,255,0
445476420.41234,16,65,44,251,148,5,226,255,2,0,244,255,0
445476420.50284,64,65,12,251,32,5,226,255,1,0,242,255,0
445476420.62425,44,65,28,251,120,5,227,255,1,0,246,255,0
445476420.74424,224,64,232,250,92,6,226,255,2,0,246,255,0
445476420.86443,104,65,244,250,168,4,226,255,2,0,242,255,0
445476421.04422,108,65,248,250,104,5,225,255,1,0,245,255,0
445476421.16432,36,65,64,251,72,5,227,255,255,255,247,255,0
445476421.25639,8,65,40,251,196,4,226,255,1,0,244,255,0
445476421.34422,80,65,0,251,148,5,225,255,1,0,242,255,0
445476421.43475,248,64,144,250,68,5,225,255,255,255,243,255,0
445476421.55433,8,65,40,251,188,5,226,255,255,255,241,255,0
445476421.67431,164,65,240,250,140,5,226,255,253,255,242,255,0
445476421.73432,12,65,32,251,192,4,225,255,1,0,244,255,0
445476421.82437,100,65,48,251,156,5,227,255,0,0,244,255,0
445476421.94428,192,65,24,251,52,5,228,255,3,0,244,255,0
445476422.12507,116,65,72,251,68,5,226,255,1,0,244,255,0
445476422.24434,120,65,48,251,20,5,228,255,253,255,243,255,0
445476422.36444,72,65,244,250,100,5,229,255,0,0,244,255,0
445476422.48479,232,64,40,251,92,5,226,255,1,0,241,255,0
445476422.60434,92,65,224,250,20,5,225,255,2,0,243,255,0
445476422.75395,92,65,248,250,192,4,226,255,253,255,245,255,0
445476422.87431,32,65,80,251,128,5,226,255,255,255,244,255,0
445476422.96459,112,65,8,251,192,5,227,255,1,0,243,255,0
445476423.14479,144,65,92,251,100,5,227,255,2,0,243,255,0
445476423.26441,116,65,40,251,112,5,227,255,1,0,243,255,0
445476423.35412,140,65,84,251,12,5,226,255,0,0,242,255,0
445476474.01343,204,210,228,222,140,212,218,1,21,2,97,1,0
445476474.10333,96,175,184,25,52,220,156,1,202,3,66,1,0
445476474.16347,64,205,144,48,12,209,60,3,228,3,25,253,0
445476474.25327,64,222,200,62,192,187,231,0,189,0,186,5,0
445476474.40400,0,128,244,15,128,0,124,255,32,255,11,255,0
445476474.46400,208,186,176,21,140,168,158,255,73,252,232,253,0
445476474.58381,56,210,4,8,76,222,174,0,163,252,23,253,0
445476474.67328,80,11,88,35,44,7,49,0,215,252,20,254,0
445476474.79365,136,245,140,69,244,250,123,255,202,0,24,1,0
445476474.88391,236,205,16,46,56,229,82,254,100,2,117,0,0
445476474.94384,12,193,156,25,56,227,171,253,239,1,47,255,0
445476475.21330,80,203,228,219,56,219,172,254,209,252,252,251,0
445476475.27357,28,193,20,250,196,15,66,255,48,254,160,253,0
445476475.33317,144,206,172,243,12,0,190,255,37,254,211,254,0
445476475.45372,72,217,76,2,104,230,70,255,42,254,95,255,0
445476475.51337,156,8,112,234,76,209,105,1,120,0,93,255,0
445476475.57318,140,213,216,254,124,246,199,1,233,1,174,1,0
445476475.66315,248,150,84,14,92,228,239,1,26,2,71,1,0
445476475.72334,12,176,0,7,148,233,180,1,22,1,174,0,0
445476475.81358,208,195,124,5,176,234,154,1,19,0,105,0,0
445476475.87333,4,180,0,11,8,238,129,1,176,255,35,0,0
445476475.93345,68,190,48,11,16,241,48,1,154,255,212,255,0
445476476.05401,72,205,0,8,8,232,66,1,178,255,198,0,0
445476476.11347,208,210,68,20,112,253,216,0,9,0,210,0,0
445476476.17336,144,201,44,31,76,247,47,0,134,0,220,0,0
445476476.41348,16,195,56,38,104,247,116,255,57,1,88,0,0
445476476.47339,44,173,12,24,28,232,41,254,12,0,186,255,0
445476476.62328,36,205,132,6,208,244,62,254,68,255,239,254,0
445476476.68374,108,209,100,3,128,238,130,254,146,255,40,255,0
445476476.74376,104,213,36,2,144,237,1,255,62,0,0,0,0
445476476.86323,20,196,84,11,244,239,80,255,131,0,55,0,0
445476476.92402,0,185,80,18,144,240,131,255,68,0,255,255,0
445476477.07337,56,185,232,18,72,239,156,255,234,255,200,255,0
445476477.22694,148,201,92,3,232,239,33,255,140,255,135,255,0
