445476502.61775,232,90,255,127,0,128,38,34,45,248,119,2,1
445476502.67665,36,199,255,127,0,128,220,32,157,250,245,0,0
445476502.85663,176,232,255,127,28,148,67,34,251,254,68,0,0
445476502.98001,212,137,255,127,104,193,124,24,248,244,132,3,0
445476503.09672,124,250,220,13,180,248,75,37,195,245,138,253,1
445476503.15677,156,215,0,128,192,106,45,28,78,251,141,250,0
445476503.24681,0,128,0,128,64,175,130,38,9,255,124,250,0
445476503.33758,200,181,0,128,76,226,141,35,5,4,163,251,0
445476503.39651,96,176,0,128,0,128,133,39,199,4,159,2,0
445476503.54690,32,213,0,128,0,128,39,34,243,2,128,10,1
445476503.63713,0,128,0,128,0,128,121,33,192,254,102,9,0
445476503.72720,8,42,0,128,0,128,141,30,195,0,15,4,0
445476503.84693,136,252,0,128,0,128,12,34,27,3,76,3,0
445476503.93678,255,127,172,39,0,128,199,25,165,4,58,2,0
445476504.05683,255,127,32,33,0,128,175,32,236,2,89,11,1
445476504.14684,24,111,255,127,0,128,253,27,213,250,69,13,0
445476504.29669,132,77,255,127,0,128,176,32,244,242,253,6,0
445476504.38788,208,91,255,127,0,128,39,34,115,243,1,4,0
445476504.53705,128,36,255,127,0,128,180,38,221,254,194,253,1
445476504.59729,44,38,255,127,144,202,250,38,190,1,9,2,0
445476504.65685,0,128,255,127,0,128,45,37,24,1,130,8,0
445476504.80696,168,198,255,127,184,230,148,38,185,244,93,8,0
445476504.95682,196,227,140,22,255,127,0,31,198,244,103,248,1
445476505.10692,132,214,0,128,80,71,117,40,88,7,80,249,0
445476505.28681,36,229,0,128,0,128,162,37,73,7,176,8,0
445476505.34695,0,128,0,128,0,128,4,35,58,3,9,13,0
445476505.40790,160,76,0,128,0,128,167,32,106,251,65,10,0
445476505.52699,160,236,0,128,0,128,220,31,237,250,133,3,1
445476505.64679,200,20,0,128,0,128,225,30,142,2,37,253,0
445476505.73690,136,250,216,218,0,128,37,32,33,8,215,2,0
445476505.85698,248,36,216,65,0,128,20,25,5,16,219,11,0
445476505.91755,244,37,52,119,0,128,93,31,209,0,104,15,1
445476506.00696,152,80,255,127,0,128,76,28,246,2,166,21,0
445476506.09725,64,119,255,127,0,128,216,33,128,241,137,7,0
445476506.18678,244,43,255,127,0,128,96,34,107,241,40,255,0
445476506.30715,255,127,255,127,0,128,61,36,106,248,132,250,0
445476506.39782,255,127,255,127,0,128,204,34,168,255,19,253,0
445476506.54686,0,128,255,127,12,50,114,34,236,252,157,13,1
445476506.60703,244,59,255,127,44,37,233,33,211,244,111,9,0
445476506.66755,144,211,204,91,36,255,179,32,169,242,161,1,0
445476506.72678,248,158,84,242,172,18,233,35,111,242,61,253,0
445476506.87731,28,76,0,128,255,127,103,30,103,251,30,248,0
445476507.02692,255,127,0,128,0,128,26,32,206,6,138,254,1
445476507.14790,192,18,0,128,0,128,236,33,96,5,51,11,0
445476507.23699,148,12,0,128,0,128,128,33,24,255,192,11,0
445476507.29699,212,38,0,128,0,128,50,36,72,0,244,9,0
445476507.38795,72,195,0,128,0,128,188,31,48,253,28,7,1
445476507.44703,108,248,0,128,0,128,80,30,156,1,237,0,0
445476507.50713,120,43,0,128,0,128,39,29,203,1,101,2,0
445476507.59692,216,76,8,183,0,128,231,27,200,7,105,2,0
445476507.71677,108,81,52,62,0,128,77,29,246,3,81,8,0
445476507.83699,64,70,255,127,0,128,179,23,229,248,139,10,0
445476507.89722,248,8,255,127,0,128,212,29,221,247,73,13,1
445476508.01718,72,82,255,127,0,128,33,30,30,247,196,6,0
445476508.10861,88,101,255,127,0,128,63,31,45,249,16,1,0
445476508.16725,108,177,255,127,0,128,145,33,229,249,195,0,0
445476508.25709,120,89,255,127,0,128,9,34,72,253,48,254,0
445476508.34701,180,84,255,127,0,128,37,35,166,252,119,4,1
445476508.46717,188,206,255,127,20,227,68,37,64,246,114,5,0
445476508.52699,16,14,255,127,255,127,90,33,74,246,154,3,0
445476508.67743,136,247,32,157,92,63,125,32,36,249,48,251,0
445476508.73679,0,128,0,128,156,10,191,36,48,252,36,248,0
445476508.82743,112,4,0,128,255,127,92,31,189,3,250,250,0
445476508.97720,0,128,0,128,20,169,47,34,205,7,78,4,1
445476509.12690,44,183,0,128,0,128,178,32,229,255,45,10,0
445476509.27707,20,18,0,128,0,128,119,33,27,253,214,1,0
445476509.33819,204,0,0,128,0,128,168,28,150,255,252,1,1
445476509.39714,180,9,104,171,0,128,9,29,17,6,93,0,0
445476509.45692,104,107,0,128,0,128,234,30,253,6,186,3,0
445476509.57716,28,9,56,186,0,128,42,28,63,6,69,7,0
445476509.69699,72,223,88,96,0,128,228,25,51,2,7,12,0
445476509.90821,244,107,255,127,0,128,172,29,106,245,137,5,1
445476509.96762,208,109,255,127,0,128,144,32,1,246,69,253,0
445476510.05715,184,53,255,127,0,128,252,31,180,247,218,0,0
445476510.14701,56,247,255,127,0,128,64,32,79,2,220,0,0
445476510.26698,216,9,255,127,0,128,137,30,242,253,216,3,0
445476510.35706,228,248,255,127,112,165,199,34,200,253,104,5,0
445476510.41789,8,147,255,127,168,175,85,32,125,247,48,12,1
445476510.68701,164,248,255,127,56,219,252,32,200,244,6,255,0
445476510.86710,40,181,0,128,148,224,151,36,174,7,150,252,0
445476510.95732,128,193,0,128,0,128,98,35,4,5,64,6,1
445476511.04719,52,237,0,128,0,128,220,32,229,253,227,4,0
445476511.13721,172,217,0,128,0,128,215,32,194,2,203,7,0
445476511.28681,32,244,0,128,0,128,58,28,76,255,85,2,0
445476511.37789,168,100,0,128,0,128,152,29,179,4,170,254,0
445476511.43719,255,127,0,195,0,128,161,24,166,4,139,2,1
445476511.49712,160,213,196,29,0,128,235,29,48,3,234,8,0
445476511.55719,136,81,140,50,0,128,225,27,44,7,127,10,0
445476511.61882,16,20,44,24,0,128,153,26,15,2,112,13,0
445476511.70796,152,37,255,127,0,128,22,26,58,252,205,13,0
445476511.76697,68,70,255,127,0,128,45,27,213,248,162,12,0
445476511.91736,72,77,255,127,0,128,238,29,102,244,195,7,0
445476512.00708,180,119,255,127,0,128,88,34,199,245,255,253,1
445476512.12718,20,25,255,127,0,128,234,31,148,249,71,254,0
445476512.18701,40,163,255,127,68,196,173,33,32,1,212,4,0
445476512.24693,255,127,255,127,0,128,115,31,221,251,27,4,0
445476512.30693,152,9,255,127,0,128,247,28,33,252,194,3,0
445476512.54734,208,213,255,127,200,44,207,36,33,251,200,6,1
445476512.66782,88,219,72,25,184,43,152,30,222,246,118,246,0
445476512.75719,0,128,0,128,255,127,190,38,88,255,224,248,0
445476512.87700,108,8,0,128,244,164,217,35,113,8,163,255,0
445476512.93801,68,148,0,128,0,128,250,34,40,10,232,3,0
445476512.99708,124,185,0,128,0,128,186,29,215,8,31,6,0
445476513.08837,112,181,0,128,0,128,90,33,187,254,88,13,1
445476513.17704,252,29,0,128,0,128,253,30,186,251,169,6,0
445476513.23792,12,72,0,128,0,128,160,26,116,254,121,1,0
445476513.38689,208,80,0,128,0,128,217,32,235,252,213,1,0
445476513.47735,248,89,100,156,0,128,223,28,172,0,3,3,0
445476513.53711,255,127,255,127,0,128,141,27,79,253,220,4,0
445476513.62724,124,125,255,127,0,128,164,26,10,3,111,9,1
445476513.68728,32,94,68,92,0,128,106,27,175,1,227,12,0
445476513.74725,196,108,255,127,0,128,84,28,18,249,49,12,0
445476513.86722,8,107,255,127,0,128,158,29,180,245,205,9,0
445476514.01732,144,99,255,127,0,128,211,31,30,243,172,255,0
445476514.10730,48,0,255,127,0,128,174,33,20,247,203,251,1
445476514.16761,248,155,255,127,0,128,236,34,252,252,163,252,0
445476514.28814,104,221,255,127,148,16,233,31,35,0,54,5,0
445476514.40730,196,157,255,127,64,43,202,29,127,252,132,4,0
445476514.46711,84,235,180,19,56,208,218,34,101,248,221,2,0
445476514.55697,64,173,116,126,120,47,139,31,87,246,64,0,0
445476514.64782,248,212,188,150,255,127,38,32,46,246,141,252,0
445476514.73775,56,241,192,137,224,8,212,35,48,252,91,247,1
445476514.85710,104,197,0,128,0,128,155,33,198,5,236,252,0
445476514.94683,32,222,0,128,0,128,250,33,188,8,211,3,0
445476515.03722,32,244,0,128,0,128,163,33,115,4,4,11,0
445476515.09733,108,220,0,128,0,128,2,29,171,1,162,11,0
445476515.21773,132,71,0,128,0,128,118,30,90,252,152,4,1
445476515.27726,188,59,0,128,0,128,157,31,19,250,56,4,0
445476515.42718,224,112,0,128,0,128,44,27,43,255,116,254,0
445476515.54729,0,57,248,31,0,128,214,27,45,4,26,4,0
445476515.69725,28,192,160,94,0,128,109,27,219,255,42,14,0
445476515.81742,80,79,188,115,0,128,120,29,169,248,49,15,1
445476515.87717,20,123,255,127,0,128,98,30,160,244,67,9,0
445476515.93737,220,105,255,127,0,128,164,28,188,242,24,6,0
445476516.02762,12,40,255,127,0,128,49,31,187,243,191,255,0
445476516.11717,168,27,255,127,0,128,67,33,14,249,25,253,0
445476516.23779,24,122,255,127,0,128,183,31,178,254,100,254,0
445476516.32739,60,201,255,127,156,7,122,31,56,254,135,3,1
445476516.38754,0,128,255,127,255,127,199,32,60,251,120,7,0
445476516.50743,108,1,196,49,140,97,214,31,216,246,183,4,0
445476516.56701,76,240,220,141,4,8,64,32,48,247,194,252,0
445476516.62708,104,227,60,210,120,73,228,33,8,249,171,248,0
445476516.71684,112,254,0,128,255,127,70,37,174,1,3,252,0
445476516.80737,0,128,0,128,128,22,43,36,26,6,148,251,1
445476516.86790,164,8,0,128,0,128,121,32,196,7,170,0,0
445476516.92730,0,128,0,128,0,128,135,33,9,8,213,6,0
445476517.01711,136,222,0,128,0,128,205,31,156,5,15,5,0
445476517.13734,232,21,0,128,0,128,110,33,12,254,101,6,0
445476517.19786,236,59,0,128,0,128,189,27,58,253,148,5,0
445476517.25720,28,245,0,181,0,128,161,29,172,254,88,4,1
445476517.37730,224,46,0,128,0,128,68,31,236,0,130,1,0
445476517.49733,32,37,124,4,0,128,70,28,22,6,241,7,0
445476517.58703,172,70,255,127,0,128,67,29,41,0,86,9,0
445476517.70709,120,61,255,127,0,128,128,28,16,251,170,14,0
445476517.85716,200,115,255,127,0,128,182,30,64,247,114,12,1
445476517.94734,208,76,255,127,0,128,183,30,192,245,175,2,0
445476518.00708,116,44,255,127,0,128,44,33,132,245,190,255,0
445476518.06712,76,50,255,127,0,128,122,35,74,251,39,252,0
445476518.12712,228,0,240,115,0,128,204,31,14,253,154,252,0
445476518.21719,232,213,255,127,216,172,240,31,23,254,132,4,0
445476518.33876,160,137,255,127,255,127,88,27,246,247,65,6,1
445476518.45744,244,206,255,127,48,159,155,32,4,243,10,4,0
445476518.54739,0,128,36,219,255,127,134,28,100,248,110,248,0
445476518.63706,116,225,196,130,212,7,243,35,99,250,40,245,0
445476518.69752,0,229,0,128,96,252,115,33,8,3,20,248,0
445476518.75719,96,43,0,128,0,128,0,32,70,6,172,255,1
445476518.81747,68,228,0,128,72,164,144,35,35,9,192,4,0
445476518.90747,0,128,0,128,0,128,186,34,158,4,104,8,0
445476518.96739,164,9,0,128,0,128,3,33,80,2,46,9,0
445476519.05772,144,248,0,128,0,128,148,29,137,253,154,7,0
445476519.17817,116,54,0,128,0,128,140,31,221,252,60,3,0
445476519.32734,140,71,0,128,0,128,106,29,29,254,119,255,1
445476519.38767,188,61,56,207,0,128,163,29,6,4,17,4,0
445476519.47769,112,9,72,3,0,128,145,27,250,7,159,7,0
445476519.53719,255,127,255,127,0,128,119,26,186,0,148,10,0
445476519.62723,116,121,255,127,0,128,5,28,201,253,87,12,0
445476519.77760,240,71,255,127,0,128,226,27,43,248,218,12,1
445476519.92757,176,109,192,126,0,128,195,30,160,243,25,252,0
445476519.98726,148,49,255,127,0,128,216,31,231,247,212,251,0
445476520.07753,116,61,255,127,12,241,66,32,50,0,8,252,0
445476520.13720,164,33,255,127,0,128,197,29,175,250,38,255,0
445476520.19775,196,5,255,127,236,26,189,34,186,254,56,255,0
445476520.25777,60,212,220,59,0,128,54,28,10,254,130,0,1
445476520.31750,0,203,255,127,84,13,133,32,162,253,8,4,0
445476520.37749,120,246,255,127,255,127,93,31,122,248,90,4,0
445476520.49776,32,1,60,76,48,94,22,24,170,244,133,1,0
445476520.55748,128,254,208,17,56,65,135,27,194,243,50,250,0
445476520.79781,128,19,0,128,0,128,15,34,40,254,183,243,0
445476520.88798,212,173,0,128,204,185,141,35,109,11,63,2,1
445476520.94786,96,3,0,128,0,128,125,26,76,11,236,10,0
445476521.03756,76,186,0,128,0,128,123,31,115,0,245,12,0
445476521.12747,196,247,0,128,0,128,51,34,168,250,40,11,0
445476521.18913,4,38,0,128,0,128,171,22,83,251,147,2,0
445476521.27753,144,44,0,128,0,128,106,31,240,252,150,1,0
445476521.39883,192,81,0,128,0,128,198,29,141,2,120,255,1
445476521.48783,255,127,255,127,0,128,139,28,241,7,95,8,0
445476521.60751,104,29,255,127,0,128,54,30,120,1,16,15,0
445476521.66745,32,250,255,127,0,128,151,25,201,251,54,13,0
445476521.72747,136,15,255,127,0,128,194,30,63,248,252,12,0
445476521.93748,240,79,255,127,0,128,239,28,24,242,65,2,0
445476522.05769,56,6,255,127,0,128,68,29,90,247,125,251,1
445476522.14747,116,165,255,127,0,128,187,34,183,254,143,252,0
445476522.23739,180,121,255,127,220,11,69,34,146,255,87,254,0
445476522.32726,96,107,255,127,40,190,85,31,117,251,21,5,0
445476522.38740,168,210,172,98,20,40,79,27,9,250,34,5,0
445476522.44814,8,191,212,231,240,5,110,32,86,249,48,3,0
445476522.50735,208,135,152,43,255,127,243,28,240,247,22,255,0
445476522.59728,252,179,0,128,248,186,88,34,238,248,231,249,1
445476522.65756,116,65,0,128,144,194,215,28,212,252,193,245,0
445476522.77749,76,46,0,128,84,119,138,33,191,8,68,251,0
445476522.83722,4,223,0,128,224,193,11,34,254,6,60,255,0
445476522.93032,184,212,0,128,0,128,38,32,179,7,5,6,0
445476523.04540,124,179,0,128,0,128,81,34,137,255,51,8,1
445476523.10569,188,180,0,128,0,128,2,24,112,253,135,8,0
445476523.16559,16,15,0,128,0,128,33,31,185,252,2,10,0
445476523.22589,120,14,0,128,0,128,154,28,29,254,46,5,0
445476523.28573,172,19,0,128,0,128,126,26,128,252,179,3,0
445476523.34564,76,82,28,220,0,128,69,27,31,4,250,1,0
445476523.43571,112,124,152,239,0,128,161,26,31,255,244,2,0
445476523.58807,184,108,255,127,0,128,69,26,94,5,159,11,1
445476523.67757,120,248,200,124,0,128,252,28,181,254,17,15,0
445476523.73815,208,40,255,127,0,128,191,28,223,250,80,14,0
445476523.82723,44,34,255,127,0,128,27,26,14,243,11,8,0
445476523.88739,32,219,255,127,0,128,167,31,216,242,219,5,0
445476523.94745,44,12,255,127,0,128,247,29,35,244,18,1,0
445476524.06742,252,36,255,127,0,128,155,30,108,244,119,253,0
445476524.33790,252,32,140,107,68,168,15,32,120,255,103,1,1
445476524.45743,0,128,12,41,156,30,203,27,231,244,110,6,0
445476524.60735,116,192,0,128,92,250,247,29,81,246,17,250,0
445476524.69778,240,164,0,128,92,45,207,30,243,248,37,248,0
445476524.78785,220,179,0,128,0,128,112,33,167,1,143,250,1
445476524.84756,60,215,0,128,0,128,135,34,48,7,210,252,0
445476524.90798,180,238,0,128,0,128,172,30,243,7,32,3,0
445476525.11744,128,195,0,128,0,128,95,31,190,5,209,10,0
445476525.17833,208,28,0,128,0,128,242,28,172,251,133,6,1
445476525.23793,204,232,0,128,0,128,169,29,46,248,159,9,0
445476525.29776,84,200,80,220,0,128,163,26,30,254,139,5,0
445476525.35753,232,117,180,152,0,128,128,29,233,255,64,3,0
445476525.41736,12,56,240,220,0,128,32,26,104,255,140,4,0
445476525.47748,255,127,252,50,0,128,211,25,119,0,183,3,0
445476525.56774,60,62,128,77,0,128,245,28,83,5,246,7,0
445476525.68759,76,29,192,112,0,128,109,26,104,0,85,13,0
445476525.80770,255,127,255,127,0,128,200,25,42,246,0,8,1
445476525.89832,255,127,255,127,0,128,55,28,57,244,214,2,0
445476525.98775,20,74,255,127,0,128,175,29,243,244,98,3,0
445476526.04750,216,47,255,127,160,159,201,31,15,246,104,0,0
445476526.10742,44,50,255,127,0,128,128,31,175,247,151,255,0
445476526.22776,0,107,255,127,124,201,247,33,0,252,98,252,1
445476526.37760,84,236,255,127,208,207,181,30,246,253,222,2,0
445476526.49813,16,199,160,125,48,243,43,31,65,245,74,3,0
445476526.55754,128,29,152,28,40,66,178,28,19,245,8,255,0
445476526.70810,248,226,84,139,255,127,71,29,162,249,114,249,0
445476526.76763,44,24,0,128,92,185,67,31,54,0,24,246,1
445476526.88817,216,196,0,128,0,128,21,35,6,8,39,252,0
445476526.94764,108,243,0,128,0,128,212,28,24,5,111,8,0
445476527.06761,64,47,0,128,0,128,66,30,122,0,220,10,0
445476527.15763,192,184,0,128,0,128,18,29,87,253,236,9,0
445476527.21799,152,63,0,128,0,128,242,29,110,253,26,3,1
445476527.30772,200,104,0,128,0,128,128,30,238,253,238,4,0
445476527.39776,108,42,0,128,0,128,254,28,27,2,57,3,0
445476527.45757,255,127,72,44,0,128,211,27,43,6,179,4,0
445476527.51736,116,33,112,246,0,128,165,28,183,255,127,8,0
445476527.60748,236,39,76,43,0,128,239,26,225,2,127,10,0
445476527.69830,255,127,255,127,0,128,218,28,93,253,56,13,0
445476527.81773,40,66,255,127,0,128,249,25,91,249,252,11,0
445476527.87792,36,55,255,127,0,128,150,27,143,244,195,4,0
445476527.93793,20,51,255,127,0,128,9,30,141,243,13,5,1
445476528.05755,255,127,255,127,0,128,178,30,144,247,128,253,0
445476528.14769,16,228,255,127,0,128,126,31,245,248,86,255,0
445476528.20758,224,2,255,127,216,175,74,32,3,253,11,253,0
445476528.26735,212,204,255,127,0,142,177,30,151,250,127,3,0
445476528.35748,32,211,255,127,56,25,72,34,82,253,154,5,0
445476528.44542,132,246,60,90,0,128,216,31,160,247,206,4,0
445476528.50542,248,233,255,127,255,127,128,30,105,243,97,2,1
445476528.62541,144,143,0,128,140,99,44,30,185,246,10,250,0
445476528.74559,92,107,0,128,220,85,178,25,137,255,63,247,0
445476528.86531,0,128,0,128,255,127,135,33,220,4,11,252,0
445476528.95643,208,215,0,128,0,128,138,33,214,9,41,3,0
445476529.04783,232,52,0,128,255,127,191,34,61,7,51,8,1
445476529.10758,96,88,0,128,0,128,49,27,208,254,239,11,0
445476529.19819,32,224,0,128,0,128,176,30,237,250,237,10,0
445476529.25749,196,82,0,128,0,128,189,32,117,251,134,6,0
445476529.43770,108,55,0,128,0,128,145,27,148,254,3,2,0
445476529.58782,140,220,32,70,0,128,203,26,76,6,170,7,1
445476529.70776,104,64,188,56,0,128,0,26,213,255,143,11,0
445476529.79777,224,17,144,102,0,128,35,28,153,251,129,15,0
445476529.85753,255,127,255,127,0,128,144,30,78,244,136,8,0
445476529.91886,4,87,255,127,0,128,255,28,139,240,178,9,0
445476530.00771,4,5,255,127,0,128,190,29,42,241,153,3,1
445476530.06761,20,36,255,127,0,128,110,31,248,244,28,252,0
445476530.24812,228,86,52,121,0,128,77,29,224,251,125,251,0
445476530.30763,124,29,255,127,192,220,218,31,95,255,157,0,0
445476530.42822,148,149,120,101,248,130,220,29,121,248,225,6,0
445476530.51793,56,1,52,113,136,74,146,30,32,251,31,0,1
445476530.57763,36,183,100,167,64,235,135,32,225,247,107,253,0
445476530.66889,236,176,80,248,255,127,147,31,137,248,232,250,0
445476530.81755,76,170,0,128,192,215,35,38,45,3,160,251,0
445476530.96794,56,145,0,128,176,253,230,33,249,9,136,0,0
445476531.08769,32,254,0,128,0,128,101,32,55,2,88,10,1
445476531.17805,20,74,0,128,0,128,90,32,183,254,82,8,0
445476531.23793,140,60,0,128,0,128,232,27,118,255,223,5,0
445476531.29748,32,117,0,128,0,128,192,31,24,253,113,4,0
445476531.38781,68,85,0,128,0,128,75,30,75,0,155,1,0
445476531.47900,255,127,164,222,0,128,1,27,66,4,215,1,1
445476531.56775,188,29,52,92,0,128,218,27,137,3,38,8,0
445476531.62761,204,6,84,51,0,128,40,27,246,1,48,10,0
445476531.74775,255,127,255,127,0,128,181,30,170,250,50,10,0
445476531.89790,56,125,255,127,0,128,171,30,215,245,169,9,0
445476531.95854,255,127,255,127,0,128,227,28,161,243,184,1,1
445476532.01774,192,38,255,127,0,128,180,31,121,243,18,0,0
445476532.07783,248,249,255,127,0,128,212,31,91,247,99,254,0
445476532.16821,236,4,64,126,0,128,114,29,52,252,209,253,0
445476532.25739,24,237,255,127,100,147,177,31,140,253,239,0,0
445476532.34819,148,211,255,127,140,105,168,26,188,253,135,4,0
445476532.49848,72,246,64,99,20,86,13,31,36,246,97,3,1
445476532.61792,4,38,192,178,172,82,132,28,41,246,78,252,0
445476532.73829,84,190,0,128,112,12,116,30,215,252,59,247,0
445476532.79791,52,159,0,128,184,34,222,34,237,1,71,247,0
445476532.88815,144,152,0,128,112,152,60,33,141,7,215,3,0
445476532.94916,124,250,0,128,0,128,113,32,108,9,73,6,0
445476533.03799,144,9,0,128,0,128,11,33,172,4,197,7,1
445476533.18774,148,63,0,128,0,128,80,29,238,255,122,6,0
445476533.27768,188,16,0,128,0,128,14,32,196,253,72,4,0
445476533.39814,56,33,0,128,0,128,191,29,140,255,152,3,0
445476533.48796,220,111,212,182,0,128,51,28,180,5,144,4,0
445476533.54777,44,51,176,231,0,128,61,26,142,2,213,7,0
445476533.60792,204,96,180,90,0,128,79,25,178,2,200,9,1
445476533.69769,44,112,255,127,0,128,233,23,178,254,84,10,0
445476533.87786,200,45,100,60,0,128,55,26,177,249,165,11,0
445476533.96760,255,127,255,127,0,128,4,26,143,243,19,5,0
445476534.08779,188,33,255,127,0,128,96,29,239,245,67,0,1
445476534.14814,204,44,255,127,0,128,82,29,46,250,68,253,0
445476534.20812,140,150,255,127,0,128,209,30,85,252,217,254,0
445476534.26774,92,84,255,127,0,128,182,30,16,254,184,0,0
445476534.32784,212,22,255,127,28,206,128,28,39,254,92,2,0
445476534.47758,212,167,255,127,248,20,157,33,160,253,165,5,0
445476534.59766,40,204,12,50,248,54,151,26,112,245,171,2,1
445476534.80790,120,245,96,149,96,41,119,25,125,252,27,248,0
445476534.86752,148,238,0,128,224,158,110,29,220,4,184,248,0
445476534.92825,176,3,0,128,180,242,89,35,39,7,66,253,0
445476534.98795,96,4,0,128,0,128,242,32,109,8,248,0,0
445476535.04974,200,170,0,128,0,128,103,26,148,9,14,7,1
445476535.10802,36,95,0,128,0,128,185,29,70,4,231,8,0
445476535.16840,36,244,0,128,0,128,70,28,130,0,75,8,0
445476535.22809,36,94,0,128,0,128,199,31,110,255,248,9,0
445476535.34786,64,67,0,128,0,128,8,22,225,253,201,3,0
445476535.52844,40,15,0,128,0,128,28,26,227,255,24,3,1
445476535.61786,255,127,8,117,0,128,75,26,103,4,221,7,0
445476535.76758,120,96,160,65,0,128,193,26,70,254,229,11,0
445476535.85782,208,65,255,127,0,128,248,30,251,249,125,12,0
445476535.91774,192,64,255,127,0,128,170,25,54,248,157,9,0
445476535.97773,64,99,255,127,0,128,140,30,12,245,110,6,0
445476536.18906,44,94,255,127,0,128,180,29,230,244,90,2,1
445476536.24794,96,193,255,127,0,128,134,33,63,252,42,0,0
445476536.36743,16,73,255,127,172,164,96,31,59,253,218,1,0
445476536.45775,236,41,255,127,176,177,186,30,41,250,116,5,0
445476536.51784,112,229,160,120,120,0,206,27,120,250,45,4,0
445476536.57776,196,169,200,88,80,94,123,34,114,246,55,4,1
445476536.72777,48,164,0,128,56,115,107,34,60,250,242,251,0
445476536.78809,16,169,0,128,180,82,135,30,101,252,45,247,0
445476536.84790,148,27,0,128,216,224,158,34,28,255,187,247,0
445476536.93800,0,128,0,128,208,234,250,34,176,7,107,255,0
445476537.14791,232,71,0,128,0,128,10,31,213,7,168,255,1
445476537.26805,44,94,0,128,0,128,238,26,228,254,81,10,0
445476537.35774,48,27,0,128,0,128,109,27,100,255,118,4,0
445476537.44812,92,72,0,128,0,128,109,30,169,254,130,5,0
445476537.59831,100,93,168,25,0,128,250,24,134,2,167,5,1
445476537.68804,255,127,212,43,0,128,72,26,101,1,76,8,0
445476537.80788,255,127,255,127,0,128,107,27,203,254,240,9,0
445476537.98803,136,93,255,127,0,128,198,23,2,244,4,8,1
445476538.04784,180,1,255,127,0,128,178,29,242,242,225,7,0
445476538.13790,200,250,255,127,0,128,40,29,193,244,159,3,0
445476538.25788,20,220,255,127,0,128,213,30,15,248,152,255,0
445476538.34789,252,134,255,127,16,14,66,31,5,254,151,255,0
445476538.46802,8,123,124,111,252,133,238,31,1,0,189,255,0
445476538.55815,148,118,255,127,212,109,46,33,71,253,142,3,1
445476538.61795,132,135,236,67,220,247,58,29,29,248,144,5,0
445476538.67780,140,58,144,46,40,52,35,30,99,253,55,0,0
445476538.73822,196,197,100,170,208,57,118,30,136,247,65,252,0
445476538.79842,188,221,232,214,56,60,236,30,167,247,142,248,0
445476538.91815,144,176,0,128,255,127,79,31,66,1,54,246,0
445476539.03831,60,223,0,128,240,174,255,28,160,5,59,250,1
445476539.12797,88,207,0,128,252,225,207,30,242,8,183,6,0
445476539.27796,152,64,0,128,0,128,134,29,66,2,221,7,0
445476539.33805,28,50,0,128,0,128,216,29,82,254,94,8,0
445476539.42790,252,19,0,128,0,128,1,30,199,251,255,9,0
445476539.51800,255,127,148,132,0,128,76,29,113,252,107,3,1
445476539.60808,60,85,164,209,0,128,225,26,143,0,109,4,0
445476539.66813,76,75,212,32,0,128,22,27,223,4,16,6,0
445476539.72792,20,79,200,29,0,128,182,28,115,4,134,8,0
445476539.84791,208,88,236,120,0,128,163,27,30,0,27,8,0
445476539.99730,60,17,255,127,0,128,0,24,177,249,220,12,1
445476540.05594,28,95,255,127,0,128,16,28,203,243,67,7,0
445476540.17579,196,38,255,127,0,128,235,28,107,245,117,3,0
445476540.26576,216,182,255,127,0,128,3,31,111,246,76,0,0
445476540.32574,164,201,255,127,220,158,10,33,212,250,6,0,0
445476540.38572,140,81,255,127,0,128,254,30,195,252,99,253,0
445476540.44623,192,184,255,127,220,166,176,33,90,253,15,0,0
445476540.59680,20,213,255,127,220,31,180,26,208,250,212,1,1
445476540.80689,44,193,200,118,56,216,139,30,230,246,251,0,0
445476540.89807,152,131,0,128,20,254,78,31,52,250,235,249,0
445476541.01803,116,250,0,128,0,216,21,31,157,0,99,248,1
445476541.07785,60,211,0,128,255,127,177,35,4,8,82,254,0
445476541.16901,196,7,0,128,0,128,30,32,169,6,27,4,0
445476541.22797,104,152,0,128,0,128,29,28,249,2,135,4,0
445476541.34824,40,22,0,128,0,128,71,28,195,255,240,9,0
445476541.46855,88,41,0,128,0,128,36,30,167,255,37,8,1
445476541.52812,24,85,0,128,0,128,220,28,133,253,183,5,0
445476541.64593,172,239,0,128,0,128,176,27,117,255,93,4,0
445476541.79576,216,33,160,81,0,128,143,26,39,255,4,9,0
445476541.88582,88,68,255,127,0,128,225,27,88,254,249,10,0
445476541.97594,8,83,255,127,0,128,141,30,130,249,112,12,1
445476542.03581,84,51,255,127,0,128,27,28,189,245,24,5,0
445476542.18585,92,112,255,127,0,128,74,28,129,245,128,1,0
445476542.27572,92,230,255,127,0,128,250,32,2,249,213,255,0
445476542.36570,184,63,255,127,0,128,111,31,163,250,83,0,0
445476542.45675,0,128,255,127,104,243,109,32,81,252,159,1,0
445476542.51701,84,242,255,127,52,226,224,33,128,251,0,2,0
445476542.57805,232,198,255,127,28,170,126,30,43,250,120,2,1
445476542.63826,144,159,255,127,184,5,136,33,178,248,20,4,0
445476542.69794,188,58,164,64,255,127,81,21,80,232,24,0,0
445476542.75827,180,227,12,173,255,127,239,30,155,251,250,252,0
445476542.87808,136,138,84,234,255,127,69,30,81,250,38,249,0
445476543.02805,20,157,0,128,0,128,33,32,183,3,154,249,0
445476543.14821,164,249,0,128,0,128,155,32,33,10,185,2,0
445476543.20806,156,240,0,128,0,128,86,32,102,7,67,7,1
445476543.32792,20,52,0,128,0,128,251,27,117,0,83,12,0
445476543.44877,176,77,128,153,0,128,248,24,33,254,63,5,0
445476543.50777,236,39,0,128,0,128,165,19,45,253,25,4,0
445476543.62803,96,28,80,192,0,128,153,26,85,3,148,3,0
445476543.74806,36,96,172,238,0,128,197,27,44,1,248,4,1
445476543.83886,255,127,255,127,0,128,135,27,39,3,12,11,0
445476543.92805,228,38,8,21,0,128,73,26,18,254,167,10,0
445476543.98794,140,61,244,102,0,128,59,28,56,251,123,13,0
445476544.04796,244,77,255,127,0,128,199,24,41,246,177,10,0
445476544.10779,164,40,255,127,0,128,192,28,147,243,10,7,0
445476544.16848,255,127,255,127,236,146,56,29,158,242,102,1,0
445476544.34812,140,247,255,127,0,128,24,30,163,247,97,253,1
445476544.43890,220,179,255,127,216,103,246,28,1,254,90,254,0
445476544.49869,240,194,255,127,80,177,119,34,2,255,73,255,0
445476544.61804,140,7,255,127,104,151,168,31,124,252,232,3,0
445476544.70805,104,187,44,52,84,52,51,32,0,248,1,4,0
445476544.77015,132,41,128,80,8,33,25,31,5,248,92,0,0
445476544.82781,176,225,212,214,36,220,117,31,154,246,198,253,0
445476544.88826,156,202,28,223,192,70,210,30,92,247,129,250,1
445476545.03815,172,223,0,128,0,128,195,29,224,2,90,248,0
445476545.09826,184,236,0,128,0,128,177,34,42,4,231,250,0
445476545.15814,0,201,0,128,248,205,161,32,135,8,136,0,0
445476545.24809,232,229,0,128,0,128,34,31,205,7,150,6,0
445476545.42887,168,36,0,128,0,128,224,29,225,254,132,7,1
445476545.54825,0,36,0,128,0,128,32,25,217,251,151,6,0
445476545.60837,212,12,0,128,0,128,22,28,223,0,147,3,0
445476545.66867,192,61,240,160,0,128,83,27,200,255,36,4,0
445476545.81996,255,127,48,214,0,128,212,25,195,1,108,3,0
445476545.87572,44,60,148,116,0,128,135,27,15,3,141,8,0
445476546.02631,32,79,255,127,0,128,209,22,42,251,208,11,1
445476546.08672,212,53,255,127,0,128,113,30,219,249,126,14,0
445476546.14815,8,70,255,127,0,128,253,28,220,246,33,7,0
445476546.23789,236,43,255,127,0,128,210,28,26,244,173,6,0
445476546.29792,60,40,255,127,0,128,74,31,29,245,161,255,0
445476546.35812,156,22,255,127,0,128,226,30,9,247,168,255,0
445476546.56806,72,185,255,127,0,128,12,33,57,253,246,254,1
445476546.68865,32,186,236,100,20,47,169,35,104,250,81,4,0
445476546.74811,252,188,255,127,232,4,244,31,239,246,90,3,0
445476546.80787,44,171,44,33,255,127,164,29,81,248,19,1,0
445476546.86798,0,128,0,128,255,127,105,28,89,248,75,252,0
445476546.92813,56,142,0,128,212,65,108,35,28,250,74,249,0
445476546.98794,168,237,0,128,124,25,204,32,82,253,60,247,1
445476547.07808,4,228,0,128,44,56,105,26,198,3,88,254,0
445476547.19798,136,135,0,128,0,128,226,34,21,6,225,1,0
445476547.34809,124,4,0,128,0,128,50,30,131,5,107,6,0
445476547.49856,200,25,0,128,0,128,167,27,85,254,80,8,0
445476547.67810,255,127,40,201,0,128,108,25,105,3,132,2,1
445476547.76893,255,127,212,222,0,128,126,28,243,254,48,4,0
445476547.88809,188,33,60,11,0,128,239,25,17,1,11,8,0
445476547.94809,224,35,200,97,0,128,189,27,133,255,33,11,0
445476548.00836,192,40,255,127,0,128,58,24,238,252,131,11,0
445476548.12813,76,45,255,127,0,128,109,27,113,251,174,11,1
445476548.27794,60,105,255,127,0,128,248,28,231,239,104,4,0
445476548.36801,120,213,255,127,0,128,209,29,149,247,152,0,0
445476548.42800,168,57,255,127,0,128,141,28,201,249,67,254,0
445476548.48955,60,213,255,127,88,143,148,28,135,252,62,253,0
445476548.54817,20,44,255,127,44,154,255,28,226,252,64,255,0
445476548.60836,152,6,255,127,196,243,160,27,97,253,37,1,0
445476548.69980,232,50,0,119,212,138,234,29,122,251,16,3,1
445476548.78812,108,236,255,127,216,209,45,27,245,248,2,4,0
445476548.93796,136,24,116,45,136,34,254,25,90,247,158,247,0
445476549.02810,12,3,0,128,196,82,247,24,178,251,187,245,0
445476549.23816,36,194,0,128,0,128,142,30,124,8,72,252,0
445476549.32814,28,136,0,128,0,128,46,36,212,5,239,2,1
445476549.38819,0,128,0,128,0,128,20,28,29,4,208,8,0
445476549.53812,184,240,0,128,0,128,78,29,86,255,220,10,0
445476549.59812,180,32,0,128,0,128,173,26,185,253,85,5,0
445476549.83813,68,103,0,128,0,128,9,28,81,2,139,1,1
445476549.98828,52,5,255,127,0,128,95,25,187,12,79,9,0
445476550.10817,12,87,255,127,0,128,64,25,93,1,126,11,0
445476550.16801,180,97,255,127,0,128,176,23,191,248,252,12,0
445476550.25850,36,70,255,127,0,128,235,26,108,247,108,13,0
445476550.34881,156,102,255,127,0,128,105,27,48,242,254,4,0
445476550.40859,248,42,255,127,0,128,54,29,143,242,161,0,1
445476550.52813,96,251,255,127,255,127,218,31,119,250,209,250,0
445476550.58807,84,93,255,127,108,161,224,29,146,253,190,248,0
445476550.70818,120,207,255,127,0,128,151,30,32,255,198,255,0
445476550.76796,160,22,255,127,216,245,237,25,168,252,235,3,0
445476550.82791,148,195,116,72,255,127,139,32,55,249,142,3,0
445476550.89025,84,193,255,127,216,4,12,25,26,247,116,3,0
445476550.97836,104,133,32,218,80,23,242,31,80,245,48,2,0
445476551.03820,204,178,40,179,255,127,163,24,196,245,71,252,1
445476551.12809,64,175,28,136,255,127,174,32,131,250,52,249,0
445476551.18817,0,128,0,128,172,94,141,32,15,0,120,247,0
445476551.39813,84,17,0,128,0,128,144,31,167,3,105,247,0
445476551.45803,196,244,0,128,0,128,181,31,14,6,11,6,0
445476551.55086,60,5,0,128,0,128,72,31,162,1,54,11,1
445476551.60859,76,207,0,128,0,128,94,23,67,0,16,9,0
445476551.66921,252,11,0,128,0,128,3,31,71,252,100,11,0
445476551.81835,80,252,0,128,0,128,60,26,119,252,32,4,0
445476551.87822,64,35,12,239,0,128,137,26,112,3,203,1,0
445476551.93809,255,127,120,251,0,128,68,25,153,0,57,4,0
445476552.08799,40,15,232,27,0,128,199,26,158,3,164,6,0
445476552.20860,255,127,255,127,0,128,73,27,136,254,141,11,1
445476552.32828,104,88,255,127,0,128,110,28,217,246,223,10,0
445476552.38822,255,127,255,127,0,128,160,24,156,243,88,7,0
445476552.47800,80,91,255,127,0,128,192,27,222,242,146,2,0
445476552.59886,64,61,255,127,0,128,122,29,215,247,247,251,0
445476552.68826,128,251,255,127,0,128,64,31,175,250,253,252,1
445476552.77820,208,231,255,127,0,128,164,25,225,251,201,253,0
445476552.92823,164,37,255,127,44,231,214,29,97,251,234,3,0
445476553.04831,108,146,172,244,12,68,152,27,71,245,160,0,0
445476553.13798,52,201,248,207,80,83,26,30,59,245,23,253,0
445476553.19861,0,128,0,128,44,70,59,29,199,250,37,246,0
445476553.25923,168,105,0,128,224,64,66,30,86,254,196,248,1
445476553.34822,252,46,0,128,0,128,233,28,32,3,142,252,0
445476553.43822,240,131,0,128,172,174,171,32,66,6,2,1,0
445476553.55831,132,161,0,128,0,128,223,28,62,7,254,8,0
445476553.67816,136,4,0,128,0,128,5,27,128,1,34,8,0
445476553.76636,80,19,0,128,0,128,33,28,90,255,76,6,1
445476553.88631,92,83,176,151,0,128,36,23,94,3,8,1,0
445476554.00670,160,63,240,226,0,128,149,25,213,2,180,3,0
445476554.09610,64,24,252,203,0,128,11,27,180,2,67,6,0
445476554.15603,80,19,20,57,0,128,242,24,126,1,218,8,0
445476554.21652,164,82,255,127,0,128,125,24,47,1,195,10,0
445476554.30735,232,26,212,99,0,128,60,25,16,253,224,10,0
445476554.42836,56,39,255,127,0,128,142,23,241,245,140,10,1
445476554.48834,196,252,255,127,0,128,39,29,149,245,99,9,0
445476554.57828,252,241,255,127,0,128,245,28,255,243,31,0,0
445476554.69851,252,40,255,127,0,128,115,27,13,247,217,255,0
445476554.75815,44,50,255,127,0,128,51,30,183,249,136,0,0
445476554.84878,255,127,255,127,24,186,42,29,137,251,233,255,0
445476554.96834,220,8,255,127,24,235,30,30,174,249,205,4,0
445476555.05903,44,195,255,127,132,93,225,29,200,246,205,6,1
445476555.14832,108,173,84,65,156,13,138,29,216,244,9,255,0
445476555.26823,52,213,68,231,124,75,33,26,77,235,165,249,0
445476555.32830,72,162,0,128,16,125,139,35,92,252,83,248,0
445476555.38825,184,38,0,128,148,194,252,29,245,255,115,247,0
445476555.44819,124,168,0,128,24,27,181,33,35,4,150,250,0
445476555.53819,52,208,0,128,8,155,11,32,191,7,40,254,0
445476555.62826,172,158,0,128,0,128,57,29,184,5,92,6,1
445476555.68839,160,201,0,128,0,128,226,29,41,2,95,8,0
445476555.74852,84,246,132,145,0,128,216,27,245,1,97,7,0
445476555.80850,68,211,0,128,0,128,214,26,190,0,184,8,0
445476555.92872,148,45,0,128,0,128,167,27,24,255,225,5,0
445476556.10871,12,19,196,235,0,128,242,21,186,0,226,3,1
445476556.28844,220,18,164,102,0,128,121,27,87,2,52,10,0
445476556.34845,232,86,255,127,0,128,164,22,13,253,7,10,0
445476556.40829,0,22,255,127,0,128,117,28,167,250,203,11,0
445476556.49857,100,71,255,127,0,128,172,30,176,246,36,11,0
445476556.58881,84,61,255,127,0,128,241,26,28,245,116,6,0
445476556.70850,28,62,255,127,0,128,143,27,12,243,154,1,1
445476556.82841,132,188,255,127,68,141,255,32,66,250,28,254,0
445476556.91951,92,250,255,127,255,127,227,34,43,253,236,255,0
445476556.97820,64,239,255,127,172,239,104,27,36,254,75,1,0
445476557.03814,136,183,255,127,168,89,110,34,109,250,15,4,0
445476557.15831,120,8,255,127,72,208,114,28,135,250,165,4,0
445476557.21843,192,211,28,12,255,127,147,21,17,246,104,255,0
445476557.30898,40,184,104,199,255,127,43,32,26,248,159,252,1
445476557.36834,72,219,0,128,88,55,65,29,61,252,187,247,0
445476557.54847,84,222,0,128,255,127,66,33,232,5,222,248,0
445476557.66839,232,224,0,128,0,128,165,31,17,7,60,4,0
445476557.75837,236,225,0,128,0,128,6,31,71,5,196,7,0
445476557.81814,224,19,0,128,0,128,96,20,157,0,109,7,0
445476557.90967,4,56,0,128,0,128,238,24,96,253,255,6,1
445476558.02844,36,81,0,128,0,128,88,24,30,254,226,2,0
445476558.11847,88,122,76,197,0,128,232,26,150,255,12,3,0
445476558.20926,172,60,112,19,0,128,163,26,155,254,214,4,0
445476558.29633,8,67,44,40,0,128,3,26,199,3,236,6,0
445476558.41644,144,11,160,47,152,146,99,29,228,255,172,11,1
445476558.56632,96,229,48,73,0,128,152,24,157,246,7,10,0
445476558.65618,188,255,255,127,0,128,159,29,110,242,145,3,0
445476558.74618,92,251,255,127,0,128,22,30,184,244,219,255,0
445476558.83727,16,100,255,127,0,128,137,29,117,245,34,252,0
445476558.89889,108,45,255,127,0,128,140,30,133,251,147,253,0
445476558.98864,0,251,255,127,0,128,75,24,185,251,64,254,1
445476559.04851,0,128,255,127,220,22,207,32,125,253,91,2,0
445476559.16863,60,55,255,127,56,173,186,29,181,249,113,4,0
445476559.22837,68,233,0,94,164,39,90,26,100,248,105,2,0
445476559.28846,0,128,212,0,136,83,232,29,135,237,0,2,0
445476559.34826,32,223,76,55,192,15,152,27,94,252,44,252,0
445476559.52857,60,49,0,128,255,127,233,22,207,255,61,248,1
445476559.58835,52,251,0,128,0,128,233,26,21,3,75,250,0
445476559.64878,0,128,0,128,208,36,205,31,53,5,215,252,0
445476559.76838,8,234,0,128,0,128,205,27,255,8,7,254,0
445476559.88895,124,218,0,128,0,128,63,28,216,6,218,6,0
445476559.95163,52,255,0,128,0,128,54,28,222,0,42,10,0
445476560.06843,72,1,0,128,0,128,70,28,47,255,56,7,1
445476560.12852,96,89,0,128,0,128,124,21,15,1,114,1,0
445476560.18905,96,24,96,157,0,128,110,26,119,253,171,5,0
445476560.27861,160,37,116,213,0,128,250,24,11,2,169,3,0
445476560.33835,56,61,200,174,0,128,138,24,71,1,206,4,0
445476560.39838,176,82,0,254,0,128,106,24,141,2,44,6,0
445476560.48827,152,113,248,68,0,128,195,23,242,1,1,8,0
445476560.54896,136,44,192,44,0,128,108,24,252,255,209,9,0
445476560.75884,0,49,255,127,0,128,7,25,219,253,237,13,1
445476560.81864,255,127,255,127,0,128,137,24,210,244,80,4,0
445476560.87843,216,41,255,127,0,128,179,28,230,242,10,5,0
445476560.93839,12,11,255,127,0,128,231,26,71,244,219,255,0
445476560.99848,92,10,255,127,0,128,128,28,208,246,188,254,0
445476561.11843,16,60,255,127,0,128,116,28,213,248,72,253,0
445476561.35879,72,17,255,127,80,225,93,30,129,253,84,1,1
445476561.50882,4,218,44,114,140,204,254,27,160,249,168,0,0
445476561.62846,56,129,0,128,192,215,69,28,108,248,179,249,0
445476561.68837,240,186,0,128,164,62,130,32,123,251,20,248,0
445476561.74836,176,171,0,128,164,94,222,28,246,1,124,247,0
445476561.86843,200,9,0,128,0,128,57,32,241,4,229,252,0
445476561.92915,236,53,0,128,0,128,8,29,96,5,174,1,1
445476561.98807,64,196,0,128,0,128,199,29,52,5,165,3,0
445476562.04872,192,21,0,128,0,128,190,27,37,5,126,6,0
445476562.19861,180,49,0,128,0,128,214,22,93,1,248,6,0
445476562.31848,112,62,0,128,0,128,184,26,37,255,135,4,0
445476562.40845,12,70,0,128,0,128,201,26,100,255,10,4,0
445476562.46915,255,127,192,30,0,128,48,25,5,2,108,6,0
445476562.52886,248,23,40,10,0,128,51,28,243,252,196,7,1
445476562.58840,44,18,255,127,0,128,16,27,1,2,112,11,0
445476562.64884,252,10,136,42,0,128,215,24,99,255,247,10,0
445476562.70880,52,54,255,127,0,128,130,26,57,251,168,7,0
445476562.76854,40,24,0,87,0,128,210,24,115,250,36,11,0
445476563.00849,148,75,255,127,0,128,129,27,178,245,54,5,0
445476563.09850,252,45,28,86,0,128,68,29,88,247,18,253,1
445476563.21862,144,31,124,123,0,128,97,31,50,252,65,255,0
445476563.27842,184,2,255,127,112,126,52,30,91,251,62,255,0
445476563.33802,212,154,220,78,184,47,130,31,202,251,148,1,0
445476563.42824,60,4,228,80,32,212,15,29,178,251,95,1,0
445476563.51871,204,145,172,32,4,72,165,32,176,249,89,0,0
445476563.60975,108,209,24,216,255,127,75,25,143,248,218,251,1
445476563.72877,168,8,0,128,104,190,242,34,49,0,64,248,0
445476563.84847,152,2,0,128,0,128,87,30,253,5,72,254,0
445476563.93848,156,251,0,128,0,128,55,32,135,6,188,4,0
445476564.02967,48,17,0,128,0,128,83,31,62,6,255,7,0
445476564.15040,220,190,0,128,0,128,144,24,71,1,202,9,1
445476564.20921,76,29,0,128,0,128,183,28,8,251,29,8,0
445476564.26860,108,240,228,132,0,128,145,27,3,254,78,4,0
445476564.35877,244,214,0,128,0,128,173,27,247,254,88,3,0
445476564.47848,12,61,144,199,0,128,114,26,111,254,223,3,0
445476564.59886,240,29,12,7,0,128,110,25,86,0,136,6,0
445476564.71870,80,116,255,127,0,128,37,26,225,254,191,11,1
445476564.83826,164,56,255,127,0,128,21,29,173,248,197,12,0
445476564.92882,232,106,255,127,0,128,167,25,246,243,25,9,0
445476564.98860,32,4,255,127,0,128,106,29,25,243,152,4,0
445476565.04840,172,72,255,127,0,128,38,30,124,243,210,1,0
445476565.16868,248,205,255,127,0,128,28,30,89,247,228,252,0
445476565.28869,0,128,255,127,255,127,94,27,230,251,236,251,1
445476565.34883,244,204,96,98,208,216,74,33,73,0,128,0,0
445476565.43975,208,248,255,127,136,231,231,29,87,252,197,2,0
445476565.49849,0,128,248,106,64,79,87,27,41,249,197,4,0
445476565.55855,0,128,84,21,20,99,185,27,245,246,100,3,0
445476565.61860,140,136,72,211,100,53,194,29,106,247,55,255,0
445476565.67933,236,217,152,150,68,44,245,30,31,248,216,250,0
445476565.73890,120,136,60,164,244,76,89,31,70,250,250,247,0
445476565.85882,68,0,0,128,255,127,99,26,158,255,212,245,1
445476565.91888,76,176,0,128,52,202,22,31,9,8,209,253,0
445476565.97883,56,241,0,128,0,128,172,31,92,6,86,0,0
445476566.03896,128,159,0,128,212,207,87,32,21,9,253,4,0
445476566.18853,84,23,0,128,0,128,142,28,50,6,109,6,0
445476566.27857,156,17,0,128,0,128,217,30,243,254,63,10,0
445476566.36861,44,77,0,128,0,128,49,25,165,252,161,6,1
445476566.42946,96,217,40,187,0,128,146,27,128,254,199,4,0
445476566.48869,148,70,248,153,0,128,70,28,71,1,82,3,0
445476566.54850,84,53,20,206,0,128,5,26,83,1,70,4,0
445476566.63849,76,38,164,15,0,128,59,25,93,2,48,5,0
445476566.75876,52,38,64,15,0,128,114,26,230,1,164,8,0
445476566.90945,96,54,255,127,0,128,54,28,62,251,29,12,1
445476567.05878,108,31,255,127,0,128,119,28,97,246,89,2,0
445476567.14872,12,9,255,127,0,128,95,28,37,246,52,0,0
445476567.20859,184,116,255,127,0,128,197,30,38,248,104,253,0
445476567.29842,208,114,255,127,0,128,251,29,238,248,28,254,0
445476567.35865,252,69,255,127,0,128,99,30,192,250,73,255,0
445476567.44882,196,136,255,127,132,161,233,30,47,249,146,2,0
445476567.62886,0,128,255,127,255,127,220,38,109,250,161,6,1
445476567.74863,8,32,0,26,255,127,102,27,211,248,18,250,0
445476567.83827,96,154,0,128,92,173,114,33,141,254,249,249,0
445476567.92856,176,204,0,128,248,25,133,31,120,2,47,250,0
445476567.98996,104,168,0,128,84,237,67,33,151,5,79,252,0
445476568.04999,112,209,0,128,255,127,115,32,5,9,97,0,0
445476568.16914,148,14,0,128,0,128,50,31,114,7,79,6,1
445476568.25896,36,5,0,128,16,201,130,35,81,3,254,8,0
445476568.37861,160,29,0,128,0,128,96,20,43,0,5,3,0
445476568.49867,252,83,168,238,0,128,34,28,20,255,153,0,0
445476568.55882,252,26,0,128,0,128,57,23,250,3,194,1,0
445476568.64862,168,110,84,70,0,128,86,22,177,5,73,4,0
445476568.76867,112,95,184,39,0,128,185,25,88,2,89,7,1
445476568.85911,92,1,0,19,0,128,140,24,242,0,106,12,0
445476568.91927,52,92,68,121,0,128,204,27,214,251,72,13,0
445476568.97862,168,100,255,127,0,128,41,27,83,247,249,10,0
445476569.21899,216,101,255,127,255,127,217,25,72,244,167,252,0
445476569.30899,224,81,255,127,0,128,207,29,159,250,227,250,1
445476569.36875,168,211,255,127,0,128,99,28,255,250,74,253,0
445476569.42902,204,11,255,127,0,128,20,31,25,0,188,253,0
445476569.54872,148,61,255,127,44,177,183,26,80,253,255,255,0
445476569.63866,16,60,255,127,244,205,152,27,75,252,134,4,0
445476569.70106,180,162,255,127,240,74,5,32,251,245,101,4,0
445476569.75928,192,244,120,77,255,127,128,25,170,243,240,254,0
445476569.81883,28,68,148,222,192,97,48,26,113,254,71,251,1
445476569.91185,176,227,4,138,255,127,44,29,189,248,52,247,0
445476570.14643,208,236,0,128,108,206,10,28,144,6,175,249,0
445476570.29710,60,26,0,128,0,128,123,27,243,7,126,2,0
445476570.38780,208,2,0,128,0,128,179,23,211,1,61,10,1
445476570.44756,16,240,0,128,0,128,197,25,45,0,101,9,0
445476570.50823,228,17,0,128,0,128,2,28,106,255,193,7,0
445476570.56765,40,206,0,128,0,128,161,29,88,255,164,7,0
445476570.65775,180,177,76,51,0,128,134,27,215,1,177,3,0
445476570.74765,116,70,108,245,0,128,76,27,20,254,9,3,0
445476570.83861,208,62,255,127,0,128,12,27,20,255,126,5,0
445476571.01873,16,89,255,127,0,128,13,31,163,250,83,9,1
445476571.10935,248,30,255,127,0,128,212,27,73,247,230,8,0
445476571.19861,0,128,255,127,255,127,245,31,206,252,45,2,0
445476571.28870,164,60,255,127,64,18,13,33,161,245,49,1,0
445476571.55895,52,130,232,162,36,85,135,32,62,254,216,250,1
445476571.61868,140,9,0,128,255,127,21,21,129,0,156,251,0
445476571.67987,132,195,0,128,8,16,157,35,109,254,16,253,0
445476571.76920,132,178,0,128,255,127,235,29,59,1,171,0,0
445476571.85900,180,162,0,128,0,128,242,25,133,1,71,1,0
445476571.91921,232,172,0,128,0,128,75,20,149,2,91,254,0
445476571.97874,180,35,8,124,76,191,128,28,147,7,151,1,1
