445476740.85956,188,218,0,128,0,128,117,217,207,253,63,254,1
445476740.91751,228,111,0,128,0,128,132,220,12,255,64,1,0
445476741.03748,36,192,0,128,60,55,148,219,154,0,42,254,0
445476741.21786,220,190,204,133,180,2,169,220,80,253,160,254,0
445476741.42858,144,4,196,100,148,75,98,221,16,3,160,4,1
445476741.54967,132,240,255,127,192,37,199,221,101,11,250,254,0
445476741.61080,148,116,255,127,0,128,142,223,2,12,5,251,0
445476741.66970,36,22,255,127,0,128,78,222,201,6,164,250,0
445476741.72974,104,210,255,127,0,128,153,222,121,7,200,250,0
445476741.90973,172,104,255,127,0,128,100,230,195,3,95,253,1
445476741.97001,64,42,255,127,0,128,184,226,42,4,184,251,0
445476742.05964,68,67,255,127,0,128,47,226,24,6,223,252,0
445476742.17960,164,84,176,213,0,128,224,226,252,7,48,249,0
445476742.23957,68,52,0,200,0,128,83,227,110,4,251,246,0
445476742.29964,228,43,0,128,0,128,130,229,12,4,247,244,0
445476742.35958,20,33,0,128,0,128,146,224,105,254,29,248,0
445476742.42046,8,45,0,128,0,128,14,225,56,254,240,246,1
445476742.48099,200,37,0,128,0,128,31,224,118,253,160,248,0
445476742.53746,28,30,0,128,0,128,16,224,200,252,154,247,0
445476742.62738,108,1,0,128,0,128,246,221,85,252,85,252,0
445476742.71727,12,7,0,128,0,128,21,222,140,255,222,1,0
445476742.89741,96,193,0,128,8,193,6,224,165,255,72,251,0
445476742.98784,68,188,0,128,0,128,11,223,13,1,108,249,1
445476743.04759,4,19,0,128,92,229,229,225,81,252,22,250,0
445476743.10761,208,224,0,128,228,118,55,225,126,249,47,252,0
445476743.19760,244,245,32,78,144,117,169,224,76,247,178,255,0
445476743.28758,164,187,88,241,92,39,217,222,107,251,153,6,0
445476743.34748,84,246,172,41,192,122,176,219,133,0,184,10,0
445476743.43798,48,237,255,127,92,189,50,226,183,8,106,9,0
445476743.49801,56,201,255,127,0,128,157,227,244,14,19,0,0
445476743.61993,48,157,255,127,0,128,111,225,137,9,171,247,1
445476743.67971,56,84,255,127,0,128,217,224,134,8,133,247,0
445476743.73986,252,207,255,127,0,128,60,227,183,4,5,246,0
445476743.80071,176,80,255,127,0,128,240,223,210,3,121,248,0
445476743.85973,176,104,255,127,0,128,218,227,55,2,207,255,0
445476744.03975,220,76,160,64,0,128,194,230,135,6,148,0,0
445476744.12958,108,69,32,112,0,128,88,231,81,11,234,253,0
445476744.25027,24,8,84,168,0,128,205,231,125,10,182,244,1
445476744.40045,220,6,224,134,0,128,85,229,199,1,218,239,0
445476744.45959,252,252,0,128,0,128,251,228,34,251,215,240,0
445476744.51959,204,116,0,128,0,128,214,227,41,245,148,249,0
445476744.58123,100,43,0,128,0,128,111,225,219,245,211,251,0
445476744.66762,124,8,0,128,0,128,159,224,227,249,143,0,0
445476744.78769,168,8,0,128,0,128,53,226,202,252,62,2,1
445476744.93805,0,11,0,128,0,128,16,226,116,0,171,252,0
445476745.05866,44,192,0,128,128,245,166,227,150,253,114,249,0
445476745.14994,208,185,0,128,232,81,72,230,153,249,67,254,0
445476745.23976,136,248,12,194,208,23,153,225,49,249,13,1,0
445476745.29755,176,198,16,248,172,122,202,227,174,248,69,4,1
445476745.38750,240,198,168,32,255,127,0,227,10,253,106,7,0
445476745.47748,236,155,255,127,180,83,191,224,78,4,217,9,0
445476745.56740,136,206,255,127,224,249,241,226,1,12,21,5,0
445476745.68796,248,7,255,127,104,214,32,227,173,14,76,253,0
445476745.80784,188,28,255,127,0,128,147,229,24,12,2,248,1
445476745.95808,72,46,255,127,0,128,209,229,56,3,123,250,0
445476746.04795,112,18,255,127,0,128,236,231,202,2,76,250,0
445476746.10878,176,40,255,127,0,128,213,229,169,3,223,253,0
445476746.17092,56,5,28,87,0,128,36,232,197,6,21,254,1
445476746.25886,56,46,100,85,0,128,50,235,2,7,70,253,0
445476746.37875,164,48,244,232,0,128,168,233,230,7,110,251,0
445476746.46873,84,12,72,165,0,128,245,232,244,7,254,243,0
445476746.58854,196,8,0,128,0,128,151,230,50,0,186,242,0
445476746.71319,108,12,0,128,0,128,14,229,233,249,14,245,0
445476746.79764,40,18,0,128,0,128,172,228,76,248,53,247,0
445476746.88781,196,16,0,128,0,128,59,227,14,247,199,255,1
445476746.94769,52,19,0,128,0,128,103,227,52,250,151,2,0
445476747.03785,40,214,0,128,0,128,30,227,113,255,231,2,0
445476747.21816,208,202,0,128,104,189,109,226,241,0,191,253,0
445476747.30863,184,244,0,128,204,1,63,225,224,253,59,251,0
445476747.36982,224,201,0,128,120,233,186,227,169,250,210,252,0
445476747.45999,96,231,144,129,255,127,22,227,164,249,211,255,1
445476747.51999,200,221,212,208,80,97,170,227,198,250,70,3,0
445476747.57990,44,249,120,88,228,103,10,228,75,251,173,5,0
445476747.63764,100,209,255,127,184,125,35,225,51,255,31,7,0
445476747.69752,108,46,255,127,0,23,229,226,37,4,32,8,0
445476747.75739,208,190,255,127,196,28,33,226,210,6,88,6,0
445476747.81737,84,14,255,127,28,231,177,227,120,11,122,4,0
445476747.87742,164,244,255,127,0,128,198,225,40,10,31,2,0
445476747.96779,32,209,255,127,212,151,14,227,193,11,153,254,0
445476748.14813,252,218,255,127,0,128,10,228,108,10,140,246,1
445476748.20818,116,101,255,127,0,128,52,229,229,3,94,249,0
445476748.26810,124,92,255,127,0,128,159,229,131,1,209,248,0
445476748.44824,100,93,36,84,0,128,104,231,12,3,136,252,0
445476748.50894,40,45,192,60,0,128,90,230,56,5,123,252,0
445476748.56965,144,54,164,21,0,128,49,232,229,6,95,251,1
445476748.62998,180,230,180,253,0,128,88,232,8,7,14,249,0
445476748.68981,8,86,236,145,0,128,56,231,241,4,168,247,0
445476748.74998,212,252,224,131,0,128,103,231,182,4,191,245,0
445476748.83992,60,39,0,128,0,128,155,229,114,1,199,242,0
445476748.89977,160,15,0,128,0,128,51,228,235,253,194,244,0
445476748.95973,20,24,0,128,0,128,214,227,200,251,134,245,0
445476749.04987,176,255,0,128,0,128,166,226,69,249,146,249,0
445476749.13998,172,253,0,128,0,128,73,226,244,248,140,251,0
445476749.19976,32,254,0,128,0,128,4,225,68,249,213,254,0
445476749.25983,200,187,0,128,0,128,51,224,17,253,184,2,1
445476749.32005,212,174,0,128,208,175,30,227,85,0,178,4,0
445476749.38025,200,210,0,128,12,167,0,226,61,2,109,1,0
445476749.44001,140,233,0,128,172,250,138,225,20,3,192,254,0
445476749.49999,192,184,0,128,4,26,151,226,19,0,135,252,0
445476749.64982,16,46,0,128,16,38,113,225,62,255,213,251,0
445476749.74049,68,150,152,189,64,49,146,224,86,249,202,2,0
445476749.86230,192,184,20,204,32,21,213,225,255,250,232,5,1
445476749.97997,96,238,255,127,180,146,96,229,126,4,243,6,0
445476750.03996,8,39,255,127,16,190,139,226,210,12,107,2,0
445476750.10000,184,59,255,127,220,154,251,226,48,9,7,255,0
445476750.15983,44,12,255,127,0,128,39,228,52,11,142,249,0
445476750.28001,184,14,255,127,0,128,117,226,88,7,225,249,0
445476750.33984,24,64,255,127,0,128,223,228,36,6,111,248,0
445476750.40006,100,73,255,127,0,128,192,228,164,5,236,248,1
445476750.52083,0,89,255,127,0,128,60,231,16,2,8,251,0
445476750.60989,44,85,255,127,0,128,38,228,24,7,193,255,0
445476750.66992,160,76,40,97,0,128,24,231,100,8,187,253,0
445476750.75978,8,72,212,31,0,128,203,231,120,9,57,251,0
445476750.81962,176,52,52,216,0,128,22,230,91,9,24,246,0
445476750.87999,124,74,124,195,0,128,155,230,92,8,17,243,0
445476750.93984,216,30,216,166,0,128,140,230,117,4,219,240,0
445476751.03007,255,127,0,128,0,128,170,228,10,254,210,241,1
445476751.08983,208,39,0,128,0,128,190,228,15,250,203,247,0
445476751.15005,224,94,0,128,0,128,147,223,116,250,81,247,0
445476751.23990,192,227,0,128,0,128,124,223,100,250,195,255,0
445476751.32986,4,28,0,128,0,128,78,223,34,255,170,3,0
445476751.48002,160,196,0,128,0,128,234,225,102,1,161,252,0
445476751.53995,184,249,0,128,0,128,250,225,189,1,181,251,1
445476751.60004,132,175,0,128,220,25,54,228,210,0,133,251,0
445476751.65994,76,183,0,128,24,247,125,226,206,253,244,249,0
445476751.71997,188,216,0,128,12,45,93,226,109,251,229,248,0
445476751.83982,240,179,240,236,120,112,97,225,205,246,183,1,0
445476751.89984,0,128,248,220,232,23,78,225,52,0,4,6,0
445476751.98998,104,229,124,104,196,76,117,224,196,254,244,9,0
445476752.08117,255,127,255,127,32,122,121,226,187,3,201,8,1
445476752.20029,255,127,255,127,0,128,100,230,82,12,224,1,0
445476752.29004,156,28,255,127,0,128,255,228,198,10,92,250,0
445476752.38012,68,167,255,127,0,128,189,229,231,7,167,246,0
445476752.43992,188,235,255,127,0,128,206,228,7,3,36,245,0
445476752.50059,160,29,255,127,0,128,144,228,232,1,70,250,0
445476752.65025,112,47,255,127,0,128,169,228,164,1,88,252,1
445476752.71006,16,70,255,127,0,128,211,234,222,6,209,1,0
445476752.77030,8,40,124,96,0,128,20,231,143,7,229,253,0
445476752.85997,76,65,176,99,0,128,115,231,177,13,222,253,0
445476753.01028,80,48,120,201,0,128,254,231,108,10,173,245,0
445476753.10007,180,55,12,129,0,128,45,230,98,3,234,240,1
445476753.16001,52,57,0,128,0,128,158,228,43,253,100,241,0
445476753.22012,64,26,0,128,0,128,187,228,61,250,125,242,0
445476753.28017,255,127,0,128,0,128,18,227,113,245,93,252,0
445476753.33988,208,54,0,128,0,128,180,226,34,245,181,1,0
445476753.39995,236,204,0,128,0,128,126,225,38,248,177,0,0
445476753.49035,252,238,0,128,0,128,79,225,158,253,1,5,0
445476753.54984,76,21,0,128,0,128,51,225,85,1,63,1,0
445476753.63987,40,21,0,128,88,181,252,225,40,3,172,254,0
445476753.69998,8,5,0,128,0,128,170,225,72,0,169,252,0
445476753.79057,152,152,0,128,12,173,213,225,58,255,217,249,1
445476753.85073,188,55,0,128,255,127,113,225,107,252,233,249,0
445476753.91001,40,218,0,128,204,47,59,230,201,247,81,254,0
445476753.97036,0,128,104,234,252,54,124,226,164,244,88,0,0
445476754.03003,136,249,212,222,112,120,212,225,170,245,46,4,0
445476754.11981,8,217,40,53,28,122,64,227,210,253,176,9,0
445476754.21037,40,69,255,127,236,46,37,225,25,4,65,10,0
445476754.26994,0,128,255,127,32,205,222,227,85,9,5,9,0
445476754.36005,172,49,255,127,104,251,168,223,236,12,209,5,1
445476754.45012,255,127,255,127,0,128,72,230,70,12,142,250,0
445476754.51005,200,155,255,127,108,140,156,227,232,8,73,248,0
445476754.56993,12,23,255,127,0,128,254,227,120,7,112,245,0
445476754.65985,56,33,255,127,0,128,128,229,93,1,44,248,0
445476754.71987,68,26,255,127,0,128,79,228,121,0,113,250,0
445476754.78064,172,25,255,127,0,128,249,228,88,2,89,255,0
445476754.83990,8,46,255,127,0,128,116,228,128,4,164,255,0
445476754.90134,4,56,255,127,0,128,211,229,212,7,57,0,1
445476754.95998,220,78,255,127,0,128,78,232,251,8,181,254,0
445476755.04994,36,49,132,55,0,128,62,233,99,9,197,252,0
445476755.11006,224,38,56,221,0,128,162,231,23,11,132,248,0
445476755.25999,144,60,68,178,0,128,20,233,30,9,92,245,0
445476755.31979,100,43,0,128,0,128,134,230,216,255,51,241,0
445476755.44003,140,50,0,128,0,128,14,228,149,247,72,246,1
445476755.50010,192,33,0,128,0,128,34,225,10,247,116,246,0
445476755.56001,108,8,0,128,0,128,187,228,102,245,60,1,0
445476755.62033,184,236,0,128,0,128,223,224,55,246,100,255,0
445476755.68103,180,190,0,128,0,128,10,226,233,251,88,5,0
445476755.85995,200,2,0,128,0,128,25,225,106,254,28,2,0
445476755.94770,0,128,0,128,100,150,123,227,188,1,193,253,0
445476756.00778,224,186,0,128,244,40,174,225,61,255,21,251,0
445476756.06819,8,162,0,128,108,252,130,227,108,252,247,250,1
445476756.12796,164,209,0,128,132,61,182,227,38,250,169,252,0
445476756.18831,56,231,8,172,255,127,160,228,30,238,3,2,0
445476756.24835,0,29,240,17,68,16,214,227,51,247,225,4,0
445476756.30897,228,209,188,94,92,69,162,225,141,251,44,8,0
445476756.36881,8,4,88,68,68,52,86,226,74,2,18,11,0
445476756.42994,24,189,255,127,92,76,231,225,159,6,100,9,0
445476756.48994,216,23,255,127,32,235,30,227,79,12,140,6,0
445476756.55017,240,255,255,127,188,178,38,226,229,13,118,2,0
445476756.61060,88,13,255,127,0,128,229,227,57,15,233,254,0
445476756.67154,176,116,255,127,0,128,141,227,142,12,71,249,1
445476756.91015,84,186,255,127,0,128,131,229,195,11,211,247,0
445476757.00088,216,31,255,127,0,128,45,230,241,1,48,254,0
445476757.09044,128,46,255,127,0,128,150,229,166,3,174,255,0
445476757.17999,108,43,208,62,0,128,142,230,37,8,241,255,0
445476757.24010,172,61,72,57,0,128,220,231,90,10,32,252,1
445476757.32999,12,14,88,22,0,128,14,233,94,9,7,249,0
445476757.42111,252,23,0,128,0,128,176,231,91,10,38,244,0
445476757.54002,176,248,0,128,0,128,9,230,159,255,29,242,0
445476757.63011,144,33,0,128,0,128,223,226,236,248,46,244,0
445476757.68993,32,6,0,128,0,128,240,227,8,247,182,248,0
445476757.77787,124,24,0,128,0,128,63,227,164,247,126,254,1
445476757.83788,84,210,0,128,0,128,69,226,49,250,159,255,0
445476757.89783,204,43,0,128,0,128,164,226,84,252,104,3,0
445476757.95778,112,224,0,128,56,138,34,226,178,255,235,0,0
445476758.01769,144,45,0,128,0,128,60,228,147,1,237,1,0
445476758.07825,120,178,0,128,192,170,205,226,205,1,83,254,0
445476758.13804,152,252,0,128,164,138,114,226,188,1,173,251,0
445476758.37861,16,189,128,190,132,233,213,226,101,248,176,255,1
445476758.43835,92,198,4,162,20,20,12,226,109,248,26,4,0
445476758.49830,220,177,168,32,72,68,242,226,30,252,186,6,0
445476758.58824,176,44,28,115,220,31,32,225,255,0,225,7,0
445476758.67850,52,185,255,127,40,65,50,223,251,6,176,6,0
445476758.73890,16,44,255,127,32,172,243,230,40,11,79,3,0
445476758.80009,160,24,255,127,0,128,35,228,3,11,68,253,0
445476758.86045,164,242,255,127,44,129,37,229,218,12,137,250,0
445476758.95023,136,99,255,127,0,128,9,229,89,9,67,248,1
445476759.04074,56,121,255,127,0,128,36,230,252,5,45,250,0
445476759.13011,60,82,255,127,0,128,14,233,229,2,8,255,0
445476759.22009,28,33,255,127,0,128,189,229,246,3,208,253,0
445476759.31003,128,36,255,127,0,128,217,229,248,4,109,251,0
445476759.40001,240,60,255,127,0,128,48,233,214,7,105,253,0
445476759.46065,28,49,12,55,0,128,99,231,50,8,231,250,0
445476759.52004,220,45,152,6,0,128,141,232,62,9,90,248,0
445476759.58037,36,47,104,240,0,128,168,231,85,7,141,245,1
445476759.64017,132,67,204,194,0,128,174,231,93,7,233,242,0
445476759.76026,0,246,32,190,0,128,93,234,169,1,224,241,0
445476759.91041,140,53,0,128,0,128,238,223,203,249,179,246,0
445476760.03004,128,43,0,128,0,128,65,229,82,249,89,250,0
445476760.12031,152,10,0,128,0,128,226,226,195,251,102,255,0
445476760.18000,188,238,0,128,0,128,186,227,48,254,174,254,0
445476760.24009,128,231,0,128,0,128,160,226,220,255,8,254,1
445476760.30020,228,251,0,128,0,128,56,227,224,255,94,253,0
445476760.36025,252,178,0,128,248,193,74,225,218,0,194,251,0
445476760.42138,76,66,0,128,0,128,65,230,137,253,169,251,0
445476760.51017,0,128,0,128,216,5,128,226,165,250,130,250,0
445476760.57008,52,204,0,128,76,42,96,226,130,249,213,254,0
445476760.62994,68,200,128,149,20,90,119,227,98,249,162,1,0
445476760.75019,124,218,72,245,180,45,85,226,64,251,219,4,0
445476760.87152,132,253,32,23,108,91,178,223,59,2,136,9,1
445476761.02056,20,102,255,127,0,128,194,231,76,11,236,1,0
445476761.11082,88,76,255,127,0,128,238,226,157,10,130,253,0
445476761.17002,8,165,255,127,36,190,12,230,56,8,162,249,0
445476761.26003,232,19,255,127,0,128,157,228,41,5,87,247,0
445476761.50030,48,63,255,127,0,128,133,231,98,4,18,253,1
445476761.56007,40,43,255,127,0,128,63,235,14,9,45,1,0
445476761.62078,28,57,88,100,0,128,99,230,59,7,5,253,0
445476761.71087,68,63,144,37,0,128,217,231,102,13,163,252,0
445476761.83011,152,70,140,48,0,128,171,234,241,8,35,247,0
445476761.92079,156,71,244,142,0,128,47,231,46,3,211,241,0
445476762.01189,68,54,248,175,0,128,136,230,39,253,93,243,1
445476762.07040,8,26,0,128,0,128,157,229,17,253,75,242,0
445476762.16027,176,2,0,128,0,128,5,231,115,246,17,253,0
445476762.28076,112,13,0,128,0,128,252,228,65,247,111,252,0
445476762.34008,244,30,0,128,0,128,222,228,210,251,72,255,0
445476762.43007,76,2,0,128,0,128,44,228,158,253,153,0,0
445476762.55004,144,217,0,128,0,128,55,228,30,0,54,0,0
445476762.61049,48,236,0,128,0,128,106,228,192,254,70,251,0
445476762.67037,24,241,0,128,192,177,245,227,32,254,195,250,0
445476762.76059,136,202,0,128,152,210,105,227,249,251,160,250,1
445476762.82096,0,128,0,128,36,84,217,226,98,249,64,251,0
445476762.88046,24,25,52,138,52,1,6,230,203,248,110,254,0
445476762.97077,4,191,16,216,8,4,48,228,209,247,182,2,0
445476763.03020,204,209,136,178,244,94,118,229,104,252,194,6,0
445476763.09003,172,239,184,98,172,96,67,229,72,255,7,8,0
445476763.15016,12,8,255,127,156,40,77,226,71,4,247,7,0
445476763.21012,148,207,255,127,24,174,12,227,1,7,25,9,0
445476763.27032,68,217,255,127,192,83,25,226,165,8,155,6,0
445476763.33009,48,86,255,127,104,191,139,230,135,12,214,0,0
445476763.42113,124,57,255,127,0,128,182,229,42,9,219,251,1
445476763.51021,32,151,255,127,0,128,85,230,82,11,136,247,0
445476763.57059,244,2,255,127,0,128,91,229,178,7,126,248,0
445476763.63047,156,46,255,127,0,128,23,230,135,4,78,251,0
445476763.69009,220,52,255,127,0,128,70,230,124,3,10,252,0
445476763.78017,180,70,255,127,0,128,137,231,4,3,255,251,0
445476763.87010,196,18,255,127,0,128,16,229,98,5,187,253,0
445476763.99048,56,57,255,127,0,128,66,233,192,7,99,253,1
445476764.05020,248,21,92,47,0,128,191,233,63,12,111,251,0
445476764.11089,184,115,40,14,0,128,28,232,118,8,49,248,0
445476764.26014,152,33,0,128,0,128,164,231,238,2,117,243,0
445476764.35017,92,39,0,128,0,128,230,230,41,255,190,243,0
445476764.41018,224,33,0,128,0,128,223,227,65,252,150,243,0
445476764.47072,92,56,0,128,0,128,1,229,166,249,28,247,0
445476764.52991,156,23,0,128,0,128,80,227,68,248,226,247,0
445476764.59122,12,3,0,128,0,128,0,228,239,248,86,1,1
445476764.68038,100,125,0,128,0,128,215,227,103,248,232,1,0
445476764.74046,52,229,0,128,0,128,4,226,185,252,11,0,0
445476764.92109,240,202,0,128,252,137,2,226,190,0,79,254,0
445476765.01013,44,180,0,128,16,162,69,227,3,252,143,250,0
445476765.10021,100,159,0,128,140,241,2,226,31,249,90,251,0
445476765.16190,252,240,0,128,160,15,214,226,74,249,194,253,1
445476765.28026,200,5,208,30,148,4,60,228,171,252,172,5,0
445476765.34019,72,152,192,84,24,21,240,224,56,253,229,8,0
445476765.40024,20,116,48,102,244,87,172,227,24,2,205,8,0
445476765.46028,0,190,255,127,255,127,144,225,29,9,211,5,0
445476765.52014,248,42,255,127,152,227,172,228,114,11,14,4,0
445476765.61143,100,224,255,127,0,128,14,228,82,12,93,0,0
445476765.67034,220,36,255,127,96,204,220,226,241,9,179,252,0
445476765.73019,128,0,255,127,0,128,160,228,255,10,189,245,1
445476765.79031,120,121,255,127,0,128,8,232,177,5,40,249,0
445476765.88064,64,7,255,127,0,128,116,230,26,2,232,251,0
445476765.96938,192,21,255,127,0,128,168,228,97,3,156,249,0
445476766.05916,220,19,255,127,0,128,60,230,74,3,180,253,0
445476766.17918,108,37,255,127,0,128,186,232,194,7,180,254,0
445476766.24026,52,41,128,96,0,128,235,230,83,10,99,252,0
445476766.42104,24,23,140,40,0,128,22,234,161,10,211,249,1
445476766.51040,52,71,0,128,0,128,147,226,213,4,165,240,0
445476766.57047,248,65,84,150,0,128,139,230,248,254,197,241,0
445476766.66012,0,55,0,128,0,128,197,227,104,249,222,246,0
445476766.72026,60,29,0,128,0,128,14,229,235,247,107,249,0
445476766.78030,132,27,0,128,0,128,148,226,48,248,165,250,0
445476766.90025,196,1,0,128,0,128,111,226,175,250,222,253,0
445476766.96149,188,24,0,128,0,128,127,227,134,253,117,3,1
445476767.02032,56,209,0,128,0,128,191,227,30,253,89,1,0
445476767.17062,52,170,0,128,104,153,84,227,61,1,83,254,0
445476767.35035,132,197,0,128,224,209,151,228,218,253,213,250,0
445476767.50037,244,198,28,156,100,200,115,226,76,249,33,255,0
445476767.62061,172,135,228,29,204,120,87,230,159,250,145,8,1
445476767.71026,232,175,255,127,160,146,207,223,68,6,71,7,0
445476767.77047,196,27,255,127,0,128,76,225,114,6,165,4,0
445476767.83027,112,218,255,127,92,188,200,226,85,12,17,255,0
445476767.89034,28,233,255,127,164,167,241,226,137,11,202,252,0
445476768.01052,236,230,255,127,0,128,95,227,176,7,179,251,0
445476768.10038,16,104,255,127,0,128,141,227,148,5,125,248,1
445476768.16045,12,24,255,127,0,128,235,234,41,3,107,252,0
445476768.22068,212,31,255,127,0,128,2,226,189,3,30,248,0
445476768.31030,148,15,240,49,0,128,238,226,57,5,39,249,0
445476768.37086,116,90,255,127,0,128,255,233,204,5,12,253,0
445476768.43030,216,55,88,29,0,128,249,229,202,5,147,251,0
445476768.52032,56,56,160,50,0,128,154,229,99,6,117,250,0
445476768.58034,160,39,104,245,0,128,187,231,66,6,243,246,0
445476768.64021,20,73,148,202,0,128,11,230,44,6,11,245,0
445476768.70039,40,4,228,186,0,128,91,231,189,0,34,245,1
445476768.76040,160,43,0,128,0,128,187,228,83,1,169,243,0
445476768.85109,168,40,116,140,0,128,113,232,88,251,59,249,0
445476768.91031,156,56,80,150,0,128,27,225,166,252,209,246,0
445476769.00025,228,35,0,128,0,128,244,227,190,249,232,248,0
445476769.15076,32,206,0,128,0,128,241,224,210,251,176,254,0
445476769.21085,192,212,0,128,0,128,112,225,235,254,104,255,0
445476769.27030,116,2,0,128,88,149,214,225,111,254,243,254,0
445476769.33072,0,128,0,128,100,0,78,221,156,0,219,252,1
445476769.39072,244,26,0,128,0,128,133,229,233,254,196,253,0
445476769.54056,248,177,0,128,220,40,235,224,180,251,45,255,0
445476769.66087,184,221,52,224,12,77,172,225,161,253,207,3,0
445476769.72030,168,153,84,253,200,220,250,225,89,254,204,5,0
445476769.81089,124,7,52,5,152,103,96,223,54,2,109,7,0
445476769.90117,92,191,255,127,255,127,165,232,182,7,102,8,0
445476769.99061,172,181,255,127,160,216,149,228,132,12,5,0,1
445476770.05045,196,104,255,127,0,128,11,226,115,10,186,254,0
445476770.11039,172,242,255,127,68,57,128,227,217,11,195,249,0
445476770.17052,196,120,255,127,0,128,215,229,209,6,61,249,0
445476770.26027,24,51,255,127,0,128,186,228,101,3,133,251,0
445476770.32028,204,25,255,127,0,128,68,228,110,3,171,250,0
445476770.38048,108,26,255,127,0,128,138,229,210,3,241,253,0
445476770.44029,184,255,255,127,0,128,36,227,124,4,17,254,0
445476770.53041,104,27,144,61,0,128,90,230,219,5,36,252,1
445476770.68094,228,51,76,68,0,128,190,230,154,8,25,249,0
445476770.74029,144,49,48,225,0,128,63,231,227,7,51,246,0
445476770.80033,148,65,92,204,0,128,27,232,18,5,144,244,0
445476770.92044,20,57,248,157,0,128,157,229,91,1,207,242,0
445476770.98049,152,46,0,128,0,128,172,228,92,253,255,242,0
445476771.07057,132,0,0,128,0,128,100,228,5,248,247,248,1
445476771.16045,116,48,0,128,0,128,215,226,246,247,19,252,0
445476771.25042,228,13,0,128,0,128,119,225,170,253,201,255,0
445476771.31055,188,238,0,128,0,128,144,226,19,255,20,254,0
445476771.46027,204,239,0,128,0,128,205,225,103,0,97,253,0
445476771.55040,64,226,0,128,240,150,196,225,124,254,168,250,0
445476771.61051,244,199,0,128,220,204,156,225,175,252,154,251,0
445476771.67032,0,128,0,128,255,127,125,222,131,251,100,249,0
445476771.73055,192,240,0,128,160,86,91,229,197,250,161,253,1
445476771.79051,152,170,108,191,8,251,52,226,112,249,24,1,0
445476771.88048,240,15,0,128,240,78,45,226,37,253,120,4,0
445476771.97056,120,169,192,46,32,117,152,227,18,1,61,6,0
445476772.03036,128,224,255,127,244,7,88,220,173,4,100,5,0
445476772.09033,32,165,255,127,72,186,252,228,157,7,37,7,0
445476772.15062,48,24,255,127,108,53,205,223,113,9,3,4,0
445476772.24077,0,128,255,127,192,196,214,230,43,15,126,0,1
445476772.30045,84,23,255,127,0,128,138,230,107,12,29,248,0
445476772.36037,200,92,255,127,0,128,176,227,51,6,127,250,0
445476772.42143,28,3,255,127,0,128,35,228,139,6,182,246,0
445476772.48076,248,51,255,127,0,128,204,229,80,3,60,251,0
445476772.54027,180,10,255,127,0,128,77,228,31,3,22,249,0
445476772.60039,124,45,255,127,0,128,179,229,168,3,12,253,0
445476772.66080,28,53,255,127,0,128,28,229,135,4,70,253,0
445476772.72059,232,77,255,127,0,128,14,230,150,5,240,253,0
445476772.78052,72,52,255,127,0,128,211,233,32,6,3,254,0
445476772.87062,255,127,255,127,0,128,145,233,165,8,182,254,1
445476772.93040,168,95,184,1,0,128,228,230,116,8,42,249,0
445476772.99123,128,21,112,213,0,128,155,231,67,11,173,245,0
445476773.08082,148,23,44,227,0,128,197,230,16,7,3,243,0
445476773.14091,40,48,52,144,0,128,208,230,235,0,166,241,0
445476773.20030,164,37,0,128,0,128,130,227,53,252,26,243,0
445476773.26042,20,32,84,132,0,128,152,229,28,250,66,244,0
445476773.32027,220,20,0,128,0,128,7,229,163,248,101,245,0
445476773.38225,0,16,0,128,0,128,108,230,2,247,197,250,1
445476773.44076,204,150,0,128,0,128,117,226,179,249,22,1,0
445476773.50201,76,89,0,128,0,128,44,229,109,250,21,5,0
445476773.56052,108,182,0,128,0,128,64,226,18,252,210,1,0
445476773.65052,80,24,0,128,0,128,136,226,72,0,58,4,0
445476773.71046,248,221,0,128,8,132,131,228,62,1,132,254,0
445476773.86046,24,131,0,128,176,185,223,228,242,255,198,250,0
445476773.98069,16,192,0,128,88,251,212,226,57,251,169,251,0
445476774.10052,0,128,8,168,132,57,77,228,37,248,12,0,1
445476774.16052,0,128,32,10,16,15,175,226,32,251,201,6,0
445476774.28059,60,222,80,11,160,95,5,227,10,253,130,10,0
445476774.37049,16,254,255,127,164,25,95,229,20,10,195,6,0
445476774.46064,188,12,255,127,0,128,18,226,143,12,236,3,0
445476774.52050,36,24,255,127,84,237,67,226,28,12,15,255,0
445476774.58075,228,44,255,127,0,128,220,228,50,13,223,248,1
445476774.76060,232,119,255,127,0,128,104,229,179,4,138,248,0
445476774.85060,212,48,255,127,0,128,221,230,64,3,216,253,0
445476774.91050,252,52,255,127,0,128,136,229,196,3,202,253,0
445476774.97057,72,76,255,127,0,128,96,229,95,4,234,253,0
445476775.03046,112,60,0,99,0,128,253,230,77,7,255,255,0
445476775.09059,212,64,136,121,0,128,248,229,119,7,44,253,0
445476775.18077,48,11,64,96,0,128,38,233,155,9,17,252,1
445476775.30056,212,165,188,180,0,128,168,231,210,7,138,246,0
445476775.39137,200,28,92,131,0,128,19,229,165,5,166,241,0
445476775.51057,188,28,80,138,0,128,75,228,80,251,40,245,0
445476775.57063,112,34,0,128,0,128,46,228,185,249,59,247,0
445476775.66050,248,33,0,128,0,128,136,227,224,248,221,249,0
445476775.72095,236,244,0,128,0,128,201,226,42,250,155,252,0
445476775.78074,136,25,0,128,0,128,55,226,168,251,189,1,0
445476775.84119,104,234,0,128,0,128,40,227,175,254,201,2,1
445476775.90063,220,217,0,128,0,128,59,227,173,254,130,0,0
445476775.96064,116,242,0,128,0,128,219,226,39,2,216,254,0
445476776.20064,60,191,0,128,140,143,146,225,203,1,121,251,0
445476776.29049,228,197,148,130,100,220,199,225,5,248,5,254,0
445476776.41063,84,99,60,147,255,127,212,225,237,249,156,4,0
445476776.50078,80,37,255,127,84,187,115,226,102,5,113,9,1
445476776.56070,188,255,255,127,156,201,185,223,29,7,14,8,0
445476776.62086,252,220,255,127,255,127,248,225,22,12,201,4,0
445476776.68152,124,22,255,127,0,128,213,228,15,12,196,255,0
445476776.74050,88,236,255,127,136,192,45,227,195,12,155,250,0
445476776.86078,144,12,255,127,0,128,81,228,207,7,107,248,0
445476776.92043,136,19,255,127,0,128,133,229,92,5,192,247,0
445476776.98084,48,229,255,127,0,128,28,230,177,3,91,250,1
445476777.07097,32,74,255,127,0,128,149,230,44,3,91,251,0
445476777.19078,156,50,255,127,0,128,10,229,149,4,111,255,0
445476777.28067,160,65,100,117,0,128,174,230,46,9,123,254,0
445476777.34056,28,73,228,88,0,128,150,231,236,10,38,252,0
445476777.40052,168,31,4,15,0,128,183,231,172,10,155,248,0
445476777.46153,48,76,32,13,0,128,200,230,32,10,120,245,0
445476777.52069,248,250,72,228,0,128,245,232,83,7,183,242,0
445476777.67295,144,28,0,128,0,128,161,230,36,3,180,240,1
445476777.73062,24,63,0,128,0,128,4,224,231,251,166,244,0
445476777.82114,116,45,0,128,0,128,28,230,203,249,23,247,0
445476777.88063,212,34,0,128,0,128,38,228,4,250,61,252,0
445476777.94053,100,12,0,128,0,128,54,227,120,251,186,255,0
445476778.00063,56,1,0,128,0,128,200,226,19,253,21,254,0
445476778.06074,96,15,0,128,0,128,167,226,54,255,75,255,0
445476778.15043,140,255,0,128,0,128,236,226,250,255,0,254,0
445476778.21072,136,15,0,128,8,204,46,227,16,1,238,254,1
445476778.27089,56,180,0,128,0,128,220,228,171,254,180,251,0
445476778.33064,204,221,0,128,128,225,152,227,128,254,213,249,0
445476778.42116,184,185,0,128,108,9,59,225,26,250,248,249,0
445476778.66139,140,195,164,189,136,60,54,227,240,247,234,254,0
445476778.72140,180,51,96,4,255,127,246,226,171,255,108,10,0
445476778.78150,108,18,56,82,255,127,40,224,47,9,70,8,0
445476778.90072,100,147,255,127,76,202,119,222,96,10,132,255,1
445476778.96089,160,238,255,127,0,128,83,231,134,12,177,252,0
445476779.02154,88,222,255,127,144,221,170,228,22,11,244,248,0
445476779.08073,0,47,255,127,0,128,44,229,251,9,160,245,0
445476779.14060,252,3,255,127,0,128,220,228,44,4,90,248,0
445476779.20064,148,14,255,127,0,128,156,229,87,3,69,249,0
445476779.29074,164,41,255,127,0,128,7,231,138,1,156,253,0
445476779.35110,232,93,255,127,0,128,102,228,77,2,88,253,1
445476779.41075,248,37,255,127,0,128,8,234,55,4,42,1,0
445476779.56078,72,30,255,127,0,128,194,231,75,11,130,255,0
445476779.62084,36,37,80,78,0,128,60,233,26,10,171,250,0
445476779.68075,176,21,196,1,0,128,254,232,69,12,64,248,0
445476779.80073,8,67,128,201,0,128,57,232,147,9,151,244,0
445476779.86070,84,77,96,170,0,128,63,231,142,2,41,240,0
445476779.92195,28,0,212,166,0,128,77,231,172,254,28,240,1
445476779.98085,196,53,0,128,0,128,145,233,157,245,214,248,0
445476780.04259,124,2,132,141,0,128,72,228,81,246,190,246,0
445476780.18844,88,15,0,128,0,128,126,229,198,248,73,1,0
445476780.33838,184,253,0,128,0,128,29,228,15,255,155,2,0
445476780.39833,140,234,0,128,0,128,23,227,239,1,89,255,0
445476780.45873,68,240,0,128,0,128,136,226,6,3,26,253,0
445476780.60986,104,243,0,128,248,8,206,226,251,253,149,249,1
445476780.67094,60,145,0,128,224,52,80,230,185,250,75,250,0
445476780.73075,52,187,176,142,112,59,146,228,18,249,115,250,0
445476780.82120,252,232,0,128,16,114,238,226,202,246,117,254,0
445476780.88075,36,225,40,239,212,90,247,228,108,249,173,4,0
445476781.00320,124,211,255,127,88,200,135,226,55,1,173,10,0
445476781.06082,116,237,84,63,48,97,203,224,80,5,231,10,0
445476781.12061,20,41,255,127,60,213,120,228,247,9,195,8,0
445476781.24096,64,195,255,127,0,128,55,228,195,13,126,253,1
445476781.36076,184,24,168,70,0,128,157,229,44,8,125,247,0
445476781.42071,148,237,255,127,144,240,210,232,24,6,60,246,0
445476781.48076,4,43,192,100,0,128,108,232,169,3,78,246,0
445476781.54064,48,65,255,127,0,128,129,232,242,0,117,249,0
445476781.62984,212,47,255,127,0,128,205,228,251,1,253,251,0
445476781.69084,188,62,255,127,0,128,28,234,7,4,249,0,1
445476781.77979,255,127,255,127,0,128,77,236,209,7,112,255,0
445476781.86972,172,249,132,255,0,128,164,234,17,6,99,251,0
445476781.95969,0,13,144,219,0,128,86,232,97,13,130,249,0
445476782.07970,76,15,184,155,0,128,239,231,161,4,136,242,0
445476782.13965,228,35,0,128,0,128,135,230,181,0,220,241,0
445476782.20072,76,38,84,176,0,128,183,229,229,253,36,242,0
445476782.26072,244,63,0,128,0,128,137,230,53,250,167,243,0
445476782.32145,64,38,12,141,0,128,204,228,157,247,230,246,1
445476782.38078,20,97,0,128,0,128,126,228,216,245,182,254,0
445476782.44105,44,11,0,128,0,128,255,227,77,245,100,255,0
445476782.56072,132,157,0,128,92,170,120,225,19,250,102,2,0
445476782.71066,180,224,0,128,128,177,4,226,205,2,140,1,0
445476782.80311,12,175,0,128,112,130,254,227,162,0,181,252,0
445476782.86083,160,189,0,128,180,27,68,227,85,255,27,251,0
445476782.92157,228,201,0,128,116,7,182,227,233,252,232,251,1
445476782.98096,0,128,76,153,255,127,36,225,229,247,178,251,0
445476783.04099,255,127,100,173,116,107,45,229,157,246,8,1,0
445476783.10075,244,145,232,74,255,127,127,228,137,252,231,4,0
445476783.22141,12,179,248,75,24,199,41,225,107,252,179,9,0
445476783.28077,64,71,255,127,255,127,213,226,78,7,212,8,0
445476783.34075,108,212,255,127,0,128,85,227,187,7,178,8,0
445476783.40084,16,200,255,127,148,132,110,226,38,13,130,5,0
445476783.49144,56,9,255,127,0,128,47,229,156,15,28,255,1
445476783.58094,96,101,255,127,0,128,90,227,169,8,173,249,0
445476783.73079,228,58,255,127,0,128,171,229,167,7,239,247,0
445476783.88092,116,80,255,127,0,128,69,233,247,0,152,251,0
445476783.94089,36,35,112,94,0,128,230,229,121,3,227,252,0
445476784.00084,84,44,228,55,0,128,216,229,118,4,110,252,0
445476784.06106,48,49,204,42,0,128,6,232,46,9,17,252,1
445476784.27098,212,20,236,242,0,128,192,230,101,5,222,249,0
445476784.39073,44,29,0,128,0,128,248,227,227,252,91,243,0
445476784.45078,120,58,0,128,0,128,254,225,92,249,247,246,0
445476784.51069,144,94,216,152,0,128,189,224,97,251,38,250,0
445476784.57068,244,11,0,128,0,128,228,226,188,248,202,251,0
445476784.66104,236,240,0,128,0,128,129,226,194,248,251,253,0
445476784.72115,8,190,0,128,0,128,26,226,161,251,203,0,1
445476784.78079,108,183,0,128,96,163,255,232,74,0,230,4,0
445476784.84116,76,45,0,128,255,127,220,220,36,3,59,4,0
445476784.93112,128,146,0,128,56,209,64,221,67,2,118,253,0
445476785.02099,240,239,0,128,116,79,168,232,33,1,149,252,0
445476785.08078,116,131,32,40,80,253,175,223,194,254,195,254,0
445476785.26084,0,128,228,217,184,1,83,225,16,253,202,1,0
445476785.32152,192,193,255,127,212,82,33,223,67,5,116,4,1
445476785.47157,232,12,255,127,40,165,222,227,128,7,124,5,0
445476785.56088,112,153,255,127,0,128,129,232,39,7,162,253,0
445476785.62101,56,42,255,127,0,128,165,223,67,13,208,245,0
445476785.74148,255,127,255,127,0,128,186,227,6,9,185,247,0
445476785.83195,200,58,255,127,0,128,199,228,225,1,0,249,1
445476785.89119,168,108,100,34,0,128,25,233,151,4,150,248,0
445476785.95110,255,127,52,126,0,128,160,229,110,2,32,250,0
445476786.06859,100,50,88,18,0,128,6,228,200,4,187,251,0
445476786.15850,28,46,36,206,0,128,174,230,177,2,72,247,0
445476786.24865,176,92,144,141,0,128,167,228,115,4,50,246,0
445476786.36924,48,37,0,128,0,128,132,228,76,0,126,245,0
445476786.45892,208,74,0,128,0,128,244,229,32,252,119,248,1
445476786.54894,4,5,0,128,0,128,33,228,81,251,170,250,0
445476786.60920,56,29,0,128,0,128,141,226,228,250,7,250,0
445476786.69914,88,2,0,128,0,128,236,225,153,251,30,254,0
445476786.81924,184,4,0,128,0,128,85,225,198,254,68,1,0
445476786.87975,108,212,0,128,52,153,54,225,213,255,191,254,0
445476787.00137,68,228,0,128,180,200,148,225,36,254,226,253,0
445476787.06101,156,233,0,128,120,12,84,226,145,252,238,251,1
445476787.12103,140,23,128,146,124,50,15,226,43,253,75,252,0
445476787.18232,252,194,220,153,228,23,108,226,114,250,187,0,0
445476787.24189,208,250,12,189,220,32,210,226,214,250,55,3,0
445476787.33093,60,233,255,127,68,67,130,228,210,254,176,6,0
445476787.42142,32,170,255,127,196,47,3,224,100,2,94,7,0
445476787.48161,196,236,255,127,8,7,184,225,133,6,99,8,0
445476787.54128,220,98,255,127,24,204,7,226,220,11,118,4,1
445476787.63095,172,114,255,127,200,131,23,227,50,11,201,253,0
445476787.75132,48,160,255,127,0,128,171,227,116,10,82,251,0
445476787.81081,92,254,255,127,0,128,148,228,198,6,144,248,0
445476787.87090,248,75,255,127,0,128,133,229,107,4,147,249,0
445476787.93138,124,55,255,127,0,128,202,229,186,2,142,249,0
445476787.99092,12,50,255,127,0,128,147,228,50,3,104,252,0
445476788.05097,228,45,255,127,0,128,22,230,243,3,72,253,1
445476788.11089,124,40,255,127,0,128,74,230,32,6,170,255,0
445476788.17336,56,16,96,83,0,128,145,228,169,6,142,254,0
445476788.25870,92,34,68,41,0,128,41,233,221,6,137,253,0
445476788.34892,228,63,92,22,0,128,152,230,142,8,192,249,0
445476788.40891,160,23,228,192,0,128,77,231,234,7,92,246,0
445476788.49884,216,72,164,147,0,128,80,230,7,5,145,244,0
445476788.55899,12,39,0,128,0,128,203,229,29,1,16,244,0
445476788.61982,172,15,0,128,0,128,75,228,241,253,56,243,0
445476788.68088,108,45,0,128,0,128,123,228,179,250,251,244,1
445476788.74139,228,34,0,128,0,128,115,226,202,246,96,250,0
445476788.80097,20,211,0,128,0,128,249,225,39,250,23,252,0
445476788.89138,228,221,0,128,0,128,136,226,87,251,14,3,0
445476788.95115,84,41,0,128,0,128,108,225,19,253,32,2,0
445476789.07139,56,204,0,128,0,128,59,226,212,0,32,255,0
445476789.13088,152,240,0,128,252,148,214,225,91,3,201,254,0
445476789.19100,168,204,0,128,76,136,64,225,235,255,34,252,0
445476789.25137,12,221,0,128,236,211,3,227,27,254,44,251,0
445476789.31096,104,188,0,128,120,32,225,225,214,251,73,252,1
445476789.40099,72,252,0,128,128,124,45,232,226,249,72,1,0
445476789.46169,32,213,128,69,148,74,106,225,206,249,194,3,0
445476789.52118,92,192,76,228,164,39,176,225,45,250,253,7,0
445476789.58082,244,109,148,93,255,127,99,228,31,254,221,10,0
445476789.64086,20,0,112,101,48,117,228,223,214,5,252,9,0
445476789.70091,112,172,255,127,255,127,25,227,31,8,209,6,0
445476789.82161,204,240,255,127,0,128,201,227,219,13,155,2,0
445476789.88108,92,120,255,127,0,128,232,229,81,13,141,250,1
445476789.94275,24,150,255,127,0,128,169,230,31,8,13,248,0
445476790.06100,196,176,255,127,0,128,189,228,179,5,123,248,0
445476790.18094,80,12,255,127,0,128,124,230,142,1,242,252,0
445476790.27113,244,19,255,127,0,128,142,228,203,2,173,254,0
445476790.33147,196,29,200,118,0,128,22,231,188,5,64,1,0
445476790.42132,64,24,255,127,0,128,216,230,140,7,4,255,1
445476790.51092,156,27,108,88,0,128,52,233,85,10,202,252,0
445476790.60104,48,99,216,183,0,128,87,232,252,10,250,246,0
445476790.68893,132,88,240,160,0,128,83,230,86,7,224,244,0
445476790.77881,236,14,0,128,0,128,6,230,202,254,158,241,0
445476790.83891,136,44,100,146,0,128,192,228,93,252,254,242,0
445476790.92933,172,72,0,128,0,128,50,229,17,249,204,247,0
445476791.02004,16,18,0,128,0,128,17,227,178,247,243,253,1
445476791.08109,140,10,0,128,0,128,27,227,162,247,175,255,0
445476791.14136,188,171,0,128,0,128,243,225,255,250,47,5,0
445476791.20104,255,127,0,128,0,128,22,228,173,253,5,4,0
445476791.38093,64,201,0,128,4,133,176,226,105,1,78,1,0
445476791.44091,60,206,0,128,236,147,27,227,190,255,160,249,0
445476791.62106,164,177,224,153,32,25,133,225,241,247,141,252,0
445476791.68125,112,27,120,135,32,59,52,226,71,247,241,2,1
445476791.74241,20,163,124,158,16,240,40,231,53,249,103,8,0
445476791.86103,12,247,255,127,192,110,239,228,102,254,81,8,0
445476792.01129,72,246,255,127,255,127,72,225,114,13,50,5,0
445476792.07097,100,253,255,127,200,198,89,228,176,13,63,252,0
445476792.13205,208,70,255,127,0,128,99,228,63,11,53,249,0
445476792.19108,232,189,255,127,104,210,11,228,9,8,99,250,1
445476792.25178,200,126,255,127,0,128,181,229,175,8,158,246,0
445476792.31111,244,69,255,127,0,128,153,230,202,1,239,253,0
445476792.46100,172,6,255,127,0,128,207,229,17,3,74,247,0
445476792.52109,48,65,255,127,0,128,226,231,9,4,140,254,0
445476792.58096,244,36,180,114,0,128,141,230,35,6,115,254,0
445476792.67134,180,83,148,65,0,128,59,231,151,8,72,252,0
445476792.73218,112,49,88,24,0,128,198,231,127,8,213,249,0
445476792.79157,112,44,168,255,0,128,58,231,181,8,108,247,1
445476792.88103,56,242,40,211,0,128,43,232,96,2,171,244,0
445476792.97135,36,254,0,128,0,128,88,230,174,3,24,242,0
445476793.03168,132,85,0,128,0,128,155,227,218,253,42,244,0
445476793.15111,124,60,0,128,0,128,102,230,40,250,12,247,0
445476793.27106,140,34,0,128,0,128,217,227,0,250,77,253,0
445476793.33141,60,7,0,128,0,128,29,227,22,251,211,254,1
445476793.45121,120,223,0,128,0,128,204,226,153,253,27,255,0
445476793.51104,144,206,0,128,0,128,236,227,118,0,132,0,0
445476793.57162,172,151,0,128,188,201,213,228,110,255,129,0,0
445476793.69105,164,210,0,128,180,215,174,226,2,2,245,253,0
445476793.78164,216,189,0,128,52,31,188,227,95,251,117,252,0
445476793.99167,136,193,148,179,0,44,116,226,23,249,188,0,1
445476794.17122,8,71,255,127,0,128,46,230,253,6,54,6,0
445476794.32132,164,42,255,127,108,227,22,228,222,11,77,253,0
445476794.38555,80,244,255,127,0,128,89,229,72,8,30,251,0
445476794.44142,188,54,255,127,0,128,165,227,231,9,229,246,0
445476794.50324,68,20,255,127,0,128,232,228,83,4,186,250,1
445476794.62254,200,29,255,127,0,128,74,229,75,4,74,250,0
445476794.68107,84,21,255,127,0,128,15,228,4,3,7,253,0
445476794.74158,244,21,255,127,0,128,73,234,215,3,138,255,0
445476794.86114,4,17,255,127,0,128,155,230,136,5,246,253,0
445476794.92155,48,64,188,122,0,128,218,231,21,10,57,253,0
445476795.01143,232,62,140,39,0,128,188,232,198,10,232,250,0
445476795.10317,244,46,152,222,0,128,252,232,192,9,224,246,1
445476795.19168,148,68,188,184,0,128,44,231,13,4,118,241,0
445476795.25195,24,46,20,147,0,128,225,230,71,2,150,239,0
445476795.31122,224,6,0,128,0,128,117,233,251,246,129,246,0
445476795.55121,8,255,0,128,0,128,167,228,139,248,176,254,0
445476795.67135,204,1,0,128,0,128,104,225,0,255,70,2,0
445476795.76117,104,13,0,128,0,128,151,227,217,0,249,252,0
445476795.85129,192,197,0,128,0,128,170,226,14,1,18,251,1
445476795.97126,196,150,0,128,224,241,159,230,247,252,128,251,0
445476796.03111,100,237,180,132,96,45,201,226,235,251,249,250,0
445476796.09132,220,225,0,128,252,24,10,227,70,248,30,254,0
445476796.15123,164,227,0,128,76,4,144,225,205,247,25,1,0
445476796.21101,24,248,228,190,84,55,219,226,134,249,10,5,0
445476796.30088,104,185,20,8,56,117,23,228,24,254,230,7,0
445476796.39140,32,232,255,127,112,39,144,227,21,6,248,9,1
445476796.54210,255,127,255,127,96,100,114,227,65,10,140,4,0
445476796.63121,240,184,255,127,24,213,240,227,51,8,69,251,0
445476796.72303,140,212,255,127,0,128,66,229,70,7,192,246,0
445476796.77878,204,57,255,127,0,128,173,229,161,4,150,248,0
445476796.83889,140,11,255,127,0,128,163,229,85,2,148,248,0
445476796.89892,200,24,255,127,0,128,219,229,144,2,243,252,0
445476797.01961,60,23,255,127,0,128,153,229,45,4,238,254,1
445476797.07957,156,53,255,127,0,128,193,231,120,7,132,255,0
445476797.13960,56,101,255,127,0,128,12,235,28,9,125,254,0
445476797.22953,88,37,12,65,0,128,33,233,225,9,148,251,0
445476797.34952,252,82,68,33,0,128,110,232,108,10,78,246,0
445476797.40952,140,43,156,204,0,128,44,232,232,6,243,242,0
445476797.46997,112,30,28,181,0,128,233,232,121,2,35,242,0
445476797.53164,152,48,0,128,0,128,33,230,50,1,194,239,0
445476797.59126,144,50,56,182,0,128,243,229,56,250,3,244,0
445476797.68115,32,37,0,128,0,128,18,228,124,251,141,242,1
445476797.74149,76,53,0,128,0,128,53,227,62,248,237,252,0
445476797.83127,164,62,0,128,0,128,241,228,90,247,141,2,0
445476797.89144,112,60,0,128,0,128,167,226,218,251,247,254,0
445476797.95126,100,255,0,128,0,128,21,228,58,255,221,0,0
445476798.04112,192,5,0,128,0,128,251,226,251,0,32,255,0
445476798.16124,20,245,0,128,8,138,132,227,148,2,136,252,0
445476798.22121,212,212,0,128,184,217,112,226,242,253,244,248,0
445476798.28127,244,172,0,128,236,161,71,227,151,251,172,249,1
445476798.40127,0,128,0,128,152,26,82,227,204,247,254,252,0
445476798.49155,156,186,40,30,152,53,122,225,42,248,201,1,0
445476798.55115,136,8,200,209,156,29,207,225,188,251,11,7,0
445476798.61109,96,205,168,14,152,83,89,227,242,0,187,8,0
445476798.70131,204,207,255,127,36,69,183,225,18,8,252,7,0
445476798.76109,220,31,255,127,80,189,143,226,183,10,47,6,0
445476798.82172,152,198,255,127,124,61,166,225,125,11,32,2,1
445476798.88126,88,81,255,127,184,133,88,228,201,14,230,254,0
445476798.94159,8,19,255,127,200,189,131,228,13,7,117,250,0
445476799.06125,64,179,255,127,244,130,12,229,255,4,79,249,0
445476799.12129,208,211,255,127,0,128,159,227,227,1,180,248,0
445476799.18113,4,28,255,127,0,128,189,229,166,2,241,251,0
445476799.24142,32,30,255,127,0,128,245,227,209,2,229,253,0
445476799.29893,92,21,255,127,0,128,2,231,222,4,38,1,0
445476799.35887,244,47,255,127,0,128,12,230,218,7,237,255,0
445476799.41915,28,64,255,127,0,128,254,230,59,10,245,255,1
445476799.50925,68,44,252,102,0,128,28,233,68,9,82,252,0
445476799.68932,72,21,168,240,0,128,170,233,166,7,62,247,0
445476799.74906,60,67,248,201,0,128,41,231,100,4,147,240,0
445476799.83918,112,33,184,168,0,128,219,229,93,253,59,243,0
445476799.89991,96,52,0,128,0,128,128,228,193,250,17,245,0
445476799.99109,152,27,108,129,0,128,112,228,68,248,43,249,1
445476800.08022,184,12,0,128,0,128,67,229,234,248,179,252,0
445476800.14080,56,217,0,128,0,128,203,225,174,251,186,255,0
445476800.20016,144,89,0,128,0,128,45,228,180,254,96,4,0
445476800.26046,216,220,0,128,0,128,103,227,138,255,67,0,0
445476800.32014,160,241,0,128,0,128,90,227,197,3,252,255,0
445476800.41241,176,231,0,128,92,147,247,226,62,2,18,251,0
445476800.59158,20,225,0,128,224,191,103,226,28,255,48,248,1
445476800.65138,96,210,0,128,100,237,201,227,170,245,48,254,0
445476800.74134,72,237,0,128,80,75,175,229,249,248,111,6,0
445476800.89152,168,195,255,127,255,127,217,227,93,253,36,9,0
445476800.95144,112,82,32,112,172,40,214,231,184,7,46,6,0
445476801.01175,152,75,255,127,255,127,243,223,70,12,35,11,1
445476801.07132,212,74,255,127,0,128,64,229,19,8,36,2,0
445476801.12906,156,218,255,127,4,158,38,224,30,10,135,255,0
445476801.18937,8,66,255,127,0,128,232,226,80,9,200,253,0
445476801.27926,48,201,255,127,0,128,206,228,254,6,47,253,0
445476801.39927,68,46,255,127,0,128,223,228,207,4,194,251,0
445476801.45960,228,67,255,127,0,128,116,228,8,8,27,252,0
445476801.51960,72,87,255,127,0,128,38,227,205,6,179,251,1
445476801.61041,255,127,255,127,0,128,168,233,90,5,172,251,0
445476801.67017,84,44,64,106,0,128,49,228,189,5,15,249,0
445476801.73060,60,92,156,88,0,128,84,229,65,9,212,248,0
445476801.79107,88,27,208,0,0,128,18,231,148,4,241,245,0
445476801.85018,192,236,0,128,0,128,193,230,3,2,189,245,0
445476801.94011,116,56,156,170,0,128,184,228,148,2,239,245,0
445476802.12151,44,23,0,128,0,128,244,225,213,252,222,251,1
445476802.27132,32,35,0,128,0,128,39,223,90,249,166,253,0
445476802.36139,164,2,0,128,0,128,164,224,13,251,2,252,0
445476802.42120,120,237,0,128,255,127,220,224,73,255,225,0,0
445476802.48114,84,86,152,151,0,128,237,226,143,255,208,1,0
445476802.54123,208,159,0,128,204,112,217,225,44,255,64,0,0
445476802.60126,240,219,0,128,0,128,213,219,149,254,235,253,0
445476802.78242,68,161,160,19,180,11,165,224,155,251,17,1,0
445476802.87144,56,189,52,251,108,106,53,227,239,254,8,6,1
445476803.02138,84,179,255,127,255,127,174,225,217,4,145,5,0
445476803.17180,0,128,255,127,148,255,110,226,51,9,186,4,0
445476803.23206,244,116,255,127,0,128,10,228,24,10,216,249,0
445476803.29181,16,112,255,127,0,128,174,229,161,9,141,249,0
445476803.35127,204,214,255,127,0,128,5,229,225,6,164,251,0
445476803.41160,168,35,255,127,0,128,167,227,185,7,223,249,1
445476803.47144,52,52,255,127,0,128,153,232,36,6,94,252,0
445476803.56158,228,19,255,127,0,128,6,235,52,4,11,249,0
445476803.62146,40,84,255,127,0,128,234,227,202,1,241,249,0
445476803.77137,24,219,144,44,0,128,214,229,104,4,210,249,0
445476803.89210,100,61,56,228,0,128,92,230,224,3,3,247,0
445476803.94925,92,58,236,130,0,128,9,231,166,2,136,245,1
445476804.03914,236,38,0,128,0,128,92,229,20,255,244,243,0
445476804.09910,124,16,0,128,0,128,124,229,118,251,191,247,0
445476804.15928,240,43,0,128,0,128,67,227,81,250,54,248,0
445476804.45942,252,251,0,128,0,128,93,227,60,251,144,251,0
445476804.57983,68,189,0,128,0,128,70,226,33,255,218,255,1
445476804.63969,224,172,0,128,212,20,108,226,242,253,194,252,0
445476804.69977,80,226,0,128,0,128,177,225,186,253,13,252,0
445476804.78988,60,41,164,134,212,61,253,229,28,251,54,254,0
445476804.84964,208,129,36,245,100,8,171,226,196,249,218,0,0
445476804.96977,196,24,68,214,132,63,235,224,31,250,202,3,0
445476805.15140,52,191,255,127,192,59,75,225,86,6,110,7,1
445476805.24153,140,250,255,127,164,39,95,225,196,10,197,2,0
445476805.32920,120,176,255,127,255,127,46,226,201,12,199,251,0
445476805.41914,136,182,255,127,0,128,106,229,21,10,217,247,0
445476805.50913,100,70,255,127,0,128,233,228,76,7,160,248,0
445476805.59996,148,42,255,127,0,128,122,232,116,3,109,251,1
445476805.65996,96,68,255,127,0,128,232,230,129,2,28,250,0
445476805.71986,168,55,255,127,0,128,43,230,33,4,143,252,0
445476805.77975,40,62,255,127,0,128,43,231,172,4,26,253,0
445476805.95980,20,24,76,24,0,128,157,234,44,10,83,250,0
445476806.04995,36,109,180,203,0,128,242,231,207,9,172,246,0
445476806.11031,136,16,208,212,0,128,167,231,111,8,74,243,0
445476806.17132,120,33,0,128,0,128,1,233,101,2,211,242,1
445476806.32190,204,60,0,128,0,128,1,230,233,251,144,244,0
445476806.37926,16,254,0,128,0,128,57,230,184,248,128,247,0
445476806.46916,36,19,0,128,0,128,247,226,184,248,59,248,0
445476806.52909,216,13,0,128,0,128,175,228,143,248,254,1,0
445476806.58925,32,44,0,128,0,128,201,227,37,248,69,0,0
445476806.64974,148,218,0,128,0,128,118,227,116,253,180,3,0
445476806.70972,64,35,0,128,0,128,131,226,24,255,61,0,1
445476806.82983,32,205,0,128,96,172,159,227,46,1,52,253,0
445476806.88993,140,198,0,128,248,183,180,226,218,255,90,251,0
445476807.00979,8,147,0,128,140,198,83,229,19,255,145,249,0
445476807.06971,200,206,0,128,156,1,80,228,192,248,136,252,0
445476807.12967,0,128,152,137,255,127,120,224,18,247,53,254,0
445476807.22051,255,127,236,129,56,98,132,227,55,237,148,4,0
445476807.28132,0,139,255,127,144,208,139,226,150,251,143,9,0
445476807.34171,104,221,44,25,28,245,13,224,239,254,243,10,1
445476807.40154,64,19,200,92,236,66,38,230,245,6,181,10,0
445476807.52163,140,221,255,127,232,42,255,226,232,13,83,3,0
445476807.58144,68,45,255,127,0,128,207,229,86,14,37,0,0
445476807.64151,248,191,255,127,164,72,71,228,165,11,198,252,0
445476807.70139,32,74,255,127,0,128,111,231,162,12,215,248,0
445476807.79182,96,96,76,124,0,128,155,233,48,6,122,246,0
445476807.85168,72,18,255,127,0,128,88,230,232,3,185,246,0
445476808.03144,140,58,255,127,0,128,45,232,96,2,243,248,1
445476808.09175,124,23,255,127,0,128,193,228,75,4,3,0,0
445476808.18160,148,41,192,75,0,128,206,232,99,8,122,0,0
445476808.24140,20,50,180,109,0,128,42,232,23,10,46,254,0
445476808.30145,232,36,12,67,0,128,52,234,234,11,138,251,0
445476808.36152,64,36,72,1,0,128,38,234,93,8,2,248,0
445476808.42240,136,39,204,167,0,128,253,232,110,8,108,244,1
445476808.54173,0,0,40,184,0,128,132,233,63,4,244,242,0
445476808.60175,148,255,24,159,0,128,246,230,195,255,82,240,0
445476808.78250,128,25,0,128,0,128,79,229,27,247,55,249,0
445476808.87144,12,3,0,128,0,128,127,228,83,248,93,255,0
445476808.96152,192,29,0,128,0,128,249,227,57,250,113,1,0
445476809.02161,240,172,0,128,0,128,233,225,230,252,218,2,1
445476809.07929,36,19,0,128,0,128,197,228,182,254,239,1,0
445476809.13949,40,208,0,128,68,138,215,227,205,1,7,1,0
445476809.19945,72,205,0,128,60,162,235,227,252,1,7,254,0
445476809.37980,184,92,0,128,255,127,104,230,153,249,9,252,0
445476809.59169,248,155,48,209,255,127,148,229,5,247,132,255,1
445476809.71182,16,217,168,3,255,127,218,227,187,255,249,9,0
445476809.79932,200,221,255,127,164,59,51,224,214,5,107,9,0
445476809.88935,120,38,255,127,88,216,162,227,201,11,150,1,0
445476809.94938,88,237,255,127,0,128,79,228,169,14,81,253,0
445476810.00935,208,44,255,127,0,128,254,228,145,11,192,251,0
445476810.06951,136,251,255,127,0,128,176,229,127,10,43,248,0
445476810.12981,92,8,255,127,0,128,134,230,219,6,216,249,0
445476810.19064,188,30,255,127,0,128,93,230,10,7,217,245,1
445476810.25051,32,52,255,127,0,128,127,234,114,3,227,251,0
445476810.31056,80,62,255,127,0,128,74,229,177,1,79,249,0
445476810.52046,28,61,255,127,0,128,152,230,33,2,33,253,0
445476810.61147,120,42,200,67,0,128,114,231,203,7,162,253,0
445476810.76247,240,46,84,222,0,128,224,232,138,8,130,246,1
445476810.82191,216,30,80,172,0,128,208,231,38,2,230,244,0
445476810.90927,200,15,0,128,0,128,245,229,149,1,233,240,0
445476811.02923,80,42,212,149,0,128,204,226,146,250,3,246,0
445476811.08927,56,33,0,128,0,128,80,227,206,249,161,245,0
445476811.14927,84,20,0,128,0,128,59,227,14,248,36,254,0
445476811.20958,120,3,0,128,0,128,209,227,217,247,214,253,0
445476811.30056,144,191,0,128,0,128,124,226,137,251,9,2,1
445476811.42155,16,237,0,128,0,128,3,227,217,253,238,0,0
445476811.48170,248,138,0,128,16,241,106,227,68,255,192,255,0
445476811.54163,96,7,0,128,144,198,52,228,28,2,255,254,0
445476811.60153,64,190,0,128,168,10,92,228,238,254,248,254,0
445476811.66155,52,192,0,128,108,20,176,226,155,255,182,252,0
445476811.72147,196,203,0,128,20,55,100,227,237,252,128,253,0
445476811.78144,60,247,100,241,232,91,0,227,52,252,161,255,0
445476811.96200,136,213,0,28,8,98,204,225,122,255,73,8,1
445476812.14192,96,13,255,127,204,119,196,230,33,4,75,10,0
445476812.20148,216,45,255,127,0,128,197,225,29,12,134,0,0
445476812.32207,64,42,255,127,0,128,185,231,216,9,158,249,0
445476812.38158,12,32,255,127,0,128,99,228,59,8,80,246,0
445476812.56242,232,37,255,127,0,128,168,230,47,4,177,250,1
445476812.65156,212,86,255,127,0,128,84,235,237,3,174,252,0
445476812.71149,64,0,252,48,0,128,34,233,178,3,49,251,0
445476812.77150,120,104,200,100,0,128,116,232,164,7,183,252,0
445476812.89165,76,64,100,58,0,128,19,233,254,7,83,249,0
445476813.04191,76,59,172,156,0,128,4,232,4,4,18,245,0
445476813.13169,52,47,224,144,0,128,209,231,69,2,126,243,1
445476813.22163,140,35,0,128,0,128,215,230,241,253,62,243,0
445476813.28163,216,18,0,128,0,128,112,232,36,248,252,249,0
445476813.34177,64,248,0,128,0,128,0,229,92,248,180,247,0
445476813.40145,28,241,0,128,0,128,57,230,3,250,199,252,0
445476813.58229,20,14,0,128,0,128,181,228,135,251,53,254,0
445476813.67141,28,238,0,128,20,132,241,226,120,255,108,0,0
445476813.79205,244,231,0,128,0,128,43,227,18,0,40,255,1
445476813.94168,0,128,0,128,255,127,250,226,126,251,197,249,0
445476814.00179,104,147,24,231,160,64,195,227,171,248,206,253,0
445476814.06163,144,212,108,199,64,242,20,228,75,249,97,2,0
445476814.12151,252,169,196,183,108,85,18,226,89,250,177,5,0
445476814.24177,68,210,20,202,68,123,37,227,26,253,7,7,0
445476814.36223,60,207,255,127,148,169,241,229,172,10,199,6,1
445476814.45178,32,102,255,127,236,203,177,230,3,12,70,2,0
445476814.54189,20,175,255,127,255,127,0,228,160,14,248,250,0
445476814.69174,255,127,255,127,0,128,121,230,66,8,115,247,0
445476814.75163,128,48,255,127,0,128,184,231,102,3,197,250,0
445476814.81155,244,41,255,127,0,128,112,230,103,2,202,249,0
445476814.87171,4,57,255,127,0,128,1,231,44,2,205,252,0
445476814.93182,236,58,24,121,0,128,134,231,166,2,73,253,0
445476814.99254,212,49,255,127,0,128,4,232,205,3,135,254,1
445476815.05183,188,40,255,127,0,128,60,234,229,7,0,1,0
445476815.17153,255,127,220,101,0,128,25,234,83,9,187,252,0
445476815.26187,224,85,192,209,0,128,100,232,32,11,142,246,0
445476815.41164,152,40,104,202,0,128,254,232,240,8,11,243,0
445476815.50261,60,21,36,161,0,128,69,232,82,254,77,241,0
445476815.56173,76,54,0,128,0,128,59,229,249,249,218,241,1
445476815.62196,8,46,0,128,0,128,174,229,193,246,154,247,0
445476815.68171,16,28,0,128,0,128,57,228,162,246,228,248,0
445476815.74194,244,28,0,128,0,128,93,229,174,245,33,0,0
445476815.80173,64,201,0,128,0,128,101,227,108,247,9,255,0
445476815.86186,4,249,0,128,0,128,64,229,183,253,190,4,0
445476816.01253,100,254,0,128,0,128,31,228,47,253,48,0,0
445476816.16238,140,239,0,128,184,214,196,227,236,2,193,252,1
445476816.25227,28,251,0,128,96,197,206,227,181,252,253,248,0
445476816.31246,52,201,0,128,172,34,18,229,208,248,176,252,0
445476816.40001,100,72,0,128,228,44,205,230,236,240,182,4,0
445476816.49002,36,192,255,127,255,127,60,232,173,255,118,8,0
445476816.58009,212,218,124,106,204,44,80,223,197,253,51,10,0
445476816.64006,108,4,36,76,208,55,171,228,153,7,77,9,0
445476816.70114,88,72,255,127,100,204,188,226,38,13,136,7,0
445476816.76170,132,242,255,127,212,41,3,226,93,9,71,4,0
445476816.88167,184,247,255,127,0,128,206,228,181,10,87,255,1
445476816.94176,104,220,255,127,0,128,186,226,229,8,138,250,0
445476817.00279,156,245,255,127,0,128,75,231,163,7,208,245,0
445476817.12189,144,80,255,127,0,128,116,228,185,5,119,247,0
445476817.18165,92,66,255,127,0,128,64,226,56,1,98,249,0
445476817.27177,212,48,108,66,0,128,214,230,128,2,106,253,0
445476817.39186,160,82,140,55,0,128,118,230,3,8,170,252,1
445476817.48167,104,42,252,221,0,128,43,231,195,8,3,248,0
445476817.54221,84,39,0,128,0,128,241,236,217,0,112,248,0
445476817.69181,52,228,152,164,0,128,98,230,147,3,113,244,0
445476817.74958,152,26,196,135,0,128,73,229,227,252,173,243,0
445476817.87020,68,14,0,128,0,128,207,225,110,249,152,250,0
445476817.99347,176,34,0,128,0,128,207,224,166,250,192,255,1
445476818.05173,244,198,0,128,0,128,163,224,112,251,136,255,0
445476818.11207,160,65,0,128,0,128,122,225,188,255,166,3,0
445476818.17151,252,30,0,128,0,128,62,228,215,251,50,4,0
445476818.23178,0,128,0,128,36,12,221,223,95,2,173,0,0
445476818.29221,148,43,0,128,96,212,101,226,221,1,76,255,0
445476818.38170,28,129,0,128,8,62,145,224,12,0,74,254,0
445476818.56185,100,243,80,192,200,53,45,226,241,253,21,254,0
445476818.68168,88,165,76,13,128,77,181,226,6,252,119,5,1
445476818.74241,208,232,255,127,240,18,248,223,157,3,225,3,0
445476818.83183,32,224,255,127,255,127,176,225,52,7,11,4,0
445476818.89173,52,189,255,127,0,128,234,226,93,8,66,3,0
445476818.95180,72,220,255,127,255,127,29,227,138,12,13,255,0
445476819.01174,28,11,255,127,0,128,146,230,217,9,61,251,0
445476819.07191,16,14,255,127,0,128,212,228,204,9,147,248,0
445476819.13041,176,24,255,127,0,128,225,229,164,7,193,248,0
445476819.22055,108,26,255,127,0,128,22,229,19,6,184,248,1
445476819.28111,40,94,255,127,0,128,26,226,227,3,22,248,0
445476819.40050,128,74,160,63,0,128,42,235,98,3,148,250,0
445476819.49050,212,3,84,66,0,128,12,230,20,5,232,250,0
445476819.58032,92,47,116,39,0,128,62,233,32,6,250,249,0
445476819.67343,236,65,52,239,0,128,148,232,65,5,55,248,0
445476819.76051,216,70,128,173,0,128,142,231,113,2,101,246,0
445476819.82075,64,41,0,128,0,128,109,230,184,3,29,243,1
445476819.91182,64,14,184,145,0,128,211,233,169,254,146,243,0
445476819.97066,44,252,72,202,0,128,157,229,140,251,46,247,0
445476820.03167,52,213,0,128,0,128,245,229,47,251,128,248,0
445476820.09128,40,21,68,133,0,128,17,226,196,250,75,249,0
445476820.15038,224,235,0,128,0,128,23,226,78,250,162,250,0
445476820.27046,176,206,0,128,92,248,67,224,238,251,124,254,0
445476820.39049,68,168,0,128,52,2,15,223,10,254,172,255,0
445476820.45053,112,239,0,128,0,128,137,229,180,255,180,0,0
445476820.63060,164,244,0,128,255,127,184,229,230,255,219,255,1
445476820.69046,80,229,184,25,128,220,196,223,100,253,229,3,0
445476820.75059,164,47,80,23,48,111,140,234,227,1,111,9,0
445476820.84037,136,215,96,117,0,128,50,229,240,1,174,5,0
445476820.93057,208,221,255,127,176,205,253,228,67,6,3,9,0
445476820.99066,100,188,255,127,84,55,49,228,117,8,213,7,0
445476821.05224,80,75,255,127,112,3,77,230,184,11,84,1,0
445476821.17072,200,216,255,127,0,128,220,231,85,11,173,253,1
445476821.29049,156,32,255,127,0,128,27,226,110,7,232,248,0
445476821.41055,92,54,255,127,0,128,158,235,152,4,82,248,0
445476821.47044,0,73,255,127,0,128,134,230,89,4,81,250,0
445476821.56106,148,64,188,121,0,128,166,229,173,5,231,250,0
445476821.62181,76,42,108,54,0,128,210,231,158,5,50,250,1
445476821.68050,240,59,212,59,0,128,90,230,44,3,234,248,0
445476821.89050,28,231,48,216,0,128,109,232,97,3,202,248,0
445476821.95044,132,44,0,128,0,128,196,231,154,1,186,244,0
445476822.07236,124,47,0,128,0,128,156,229,90,255,78,246,0
445476822.13126,172,9,0,128,0,128,189,228,57,251,76,248,0
445476822.19041,152,247,0,128,0,128,247,228,20,252,65,248,0
445476822.28050,60,13,0,128,0,128,253,228,189,250,220,251,0
445476822.34057,24,240,0,128,0,128,13,227,204,252,13,252,1
445476822.40054,144,50,0,128,0,128,219,228,124,252,94,255,0
445476822.46065,92,182,0,128,76,138,160,227,195,250,165,253,0
445476822.52062,188,6,0,128,0,128,243,226,173,254,118,0,0
445476822.70049,76,195,0,128,172,230,101,227,142,253,161,255,0
445476822.79061,40,236,56,129,192,34,137,226,13,253,218,255,0
445476822.97067,188,236,116,9,228,107,193,228,176,255,219,3,1
445476823.06234,32,191,16,108,204,47,53,224,185,1,23,6,0
445476823.12134,148,232,255,127,216,37,190,228,203,4,19,7,0
445476823.21054,188,3,255,127,252,209,77,227,145,8,76,3,0
445476823.27044,172,249,255,127,88,179,213,227,202,10,54,0,0
445476823.33058,228,250,255,127,0,128,40,228,56,8,16,0,0
445476823.39085,168,240,255,127,0,128,131,228,225,9,235,253,0
445476823.45062,76,31,255,127,0,128,32,229,57,8,148,252,0
445476823.51149,84,244,255,127,0,128,51,229,252,6,54,250,1
445476823.60061,68,23,255,127,0,128,246,232,69,5,65,251,0
445476823.66104,188,25,255,127,0,128,16,230,175,4,225,251,0
445476823.75063,204,33,255,127,0,128,100,231,165,4,43,251,0
445476823.84053,132,34,124,95,0,128,153,231,136,6,76,254,0
445476823.96075,28,56,255,127,0,128,99,230,224,6,123,252,0
445476824.02182,88,49,12,54,0,128,21,231,32,9,17,248,0
445476824.11131,240,33,116,14,0,128,66,233,91,9,235,245,1
445476824.17031,36,95,0,128,0,128,11,231,146,4,186,243,0
445476824.29075,140,55,224,159,0,128,146,231,223,254,228,243,0
445476824.35070,184,54,120,136,0,128,172,229,3,252,173,246,0
445476824.50081,172,31,0,128,0,128,26,228,137,250,61,251,0
445476824.56058,112,225,0,128,0,128,213,227,175,252,34,253,0
445476824.62057,72,8,0,128,0,128,191,227,24,254,120,253,0
445476824.68055,176,12,0,128,0,128,30,228,152,254,235,252,0
445476824.77118,148,22,0,128,0,128,135,227,230,254,33,253,1
445476824.83088,188,198,0,128,0,128,48,228,206,253,70,252,0
445476824.89061,208,241,0,128,28,153,126,228,6,255,223,252,0
445476824.95058,60,202,0,128,20,193,158,228,93,252,79,251,0
445476825.01201,76,236,0,128,204,232,113,226,209,252,20,252,0
445476825.10125,140,211,0,128,36,227,129,228,99,250,68,253,0
445476825.25076,204,237,236,142,96,29,89,228,80,249,197,1,0
445476825.34044,120,254,36,189,124,64,61,227,83,253,206,6,1
445476825.49066,28,1,255,127,84,54,52,231,44,7,183,3,0
445476825.55067,192,183,255,127,204,228,253,224,235,8,85,1,0
445476825.64060,168,4,255,127,136,187,175,230,140,9,21,255,0
445476825.70050,112,7,255,127,0,128,40,232,214,8,196,253,0
445476825.76064,216,29,255,127,0,128,124,229,189,7,3,252,0
445476825.82096,236,188,255,127,0,128,199,228,248,6,171,251,0
445476825.88054,224,56,255,127,248,167,56,231,224,6,5,253,0
445476825.94038,8,33,255,127,0,128,126,229,97,5,96,252,1
445476826.00239,40,21,255,127,0,128,196,237,142,4,189,252,0
445476826.06166,140,247,180,66,0,128,250,231,4,6,138,251,0
445476826.30065,204,29,188,42,0,128,26,235,22,7,56,250,0
445476826.39075,120,53,252,215,0,128,51,233,239,3,61,246,0
445476826.45029,56,0,132,216,0,128,129,232,215,2,92,244,0
445476826.57075,136,58,0,199,0,128,47,232,114,254,188,243,1
445476826.63076,240,71,0,128,0,128,207,227,209,250,117,249,0
445476826.69062,212,20,240,170,0,128,249,229,194,248,51,251,0
445476826.75067,192,223,0,128,0,128,141,228,45,249,72,250,0
445476826.84059,120,39,0,128,0,128,166,228,99,250,249,252,0
445476826.96100,20,251,0,128,0,128,241,228,18,253,86,0,0
445476827.02198,16,232,0,128,0,128,46,225,236,254,16,255,0
445476827.14161,224,213,0,128,212,190,216,227,26,254,133,253,1
445476827.19936,152,41,0,128,255,127,104,225,18,253,242,253,0
445476827.25942,84,29,244,171,132,181,246,229,165,253,218,255,0
445476827.31947,168,222,252,141,255,127,253,226,97,251,164,1,0
445476827.40938,176,224,32,239,24,127,230,225,26,254,155,2,0
445476827.46951,16,224,100,240,244,93,82,228,24,254,113,4,0
445476827.56038,208,178,255,127,36,78,170,230,1,2,7,5,1
445476827.62006,76,214,255,127,0,128,25,228,232,5,189,5,0
445476827.67997,44,221,255,127,8,85,125,225,17,7,94,5,0
445476827.80019,172,220,255,127,180,162,128,229,126,10,120,252,0
445476827.98057,40,219,255,127,0,128,214,229,191,8,241,251,0
445476828.07202,160,44,255,127,0,128,255,231,62,5,243,248,0
445476828.13142,144,34,255,127,0,128,226,230,88,5,51,249,1
445476828.19072,92,29,255,127,0,128,239,230,141,5,240,251,0
445476828.25142,200,63,40,124,0,128,27,230,70,6,151,250,0
445476828.34064,112,18,144,57,0,128,123,232,200,5,80,250,0
445476828.55079,120,88,40,170,0,128,152,234,97,3,105,248,0
445476828.64078,12,48,12,165,0,128,207,231,153,1,226,244,1
445476828.73087,88,6,0,128,0,128,246,228,100,253,73,247,0
445476828.79111,240,41,0,128,0,128,36,225,238,250,76,245,0
445476828.85071,216,25,0,128,0,128,53,228,117,248,4,249,0
445476828.94104,232,47,0,128,0,128,84,226,73,249,228,250,0
445476829.03210,212,191,0,128,196,190,82,227,133,251,235,0,0
445476829.09134,24,46,40,156,248,182,27,229,90,253,0,3,0
445476829.15079,228,210,0,128,120,84,56,228,2,254,206,2,0
445476829.24075,236,152,0,128,255,127,130,220,20,2,230,254,1
445476829.36095,48,158,204,223,196,112,74,227,201,254,99,254,0
445476829.42063,184,223,184,172,224,15,116,227,238,253,72,254,0
445476829.51093,232,181,248,201,160,35,219,226,123,252,136,0,0
445476829.60070,200,170,156,60,255,127,155,227,215,254,58,5,0
445476829.69061,208,220,255,127,100,133,170,230,37,0,28,6,0
445476829.78101,148,246,255,127,240,232,246,225,11,4,97,8,0
445476829.84065,80,242,255,127,172,98,1,227,52,10,232,3,0
445476829.90064,68,176,255,127,104,246,201,234,216,11,158,3,0
445476829.96099,180,244,255,127,0,128,106,229,94,13,225,250,0
445476830.02364,224,209,255,127,0,128,42,230,88,12,15,250,1
445476830.11155,200,15,255,127,0,128,34,231,101,8,66,249,0
445476830.17063,224,57,255,127,0,128,113,236,110,6,169,244,0
445476830.23101,120,31,20,53,0,128,233,232,27,4,140,248,0
445476830.29079,244,63,255,127,0,128,188,230,225,2,211,248,0
445476830.35068,112,34,140,54,0,128,53,232,160,2,186,248,0
445476830.41071,244,23,255,127,0,128,149,231,126,2,165,248,0
445476830.50069,128,34,188,36,0,128,35,232,182,2,170,249,0
445476830.59077,196,82,196,215,0,128,209,232,109,4,159,249,0
445476830.65075,216,56,152,188,0,128,133,230,136,3,247,247,0
445476830.71105,116,55,0,128,0,128,227,231,144,4,244,244,1
445476830.80071,48,33,36,169,0,128,20,232,80,0,204,245,0
445476830.86111,132,8,84,143,0,128,252,229,74,254,63,246,0
445476830.92061,56,26,0,128,0,128,135,231,9,252,85,248,0
445476831.01207,16,42,0,128,0,128,141,225,64,251,126,248,0
445476831.13157,4,239,0,128,0,128,76,227,242,250,207,254,0
445476831.25075,108,189,0,128,232,172,188,225,212,251,95,254,0
445476831.34078,196,152,0,128,208,201,68,224,212,253,20,0,0
445476831.40084,140,211,0,128,255,127,98,221,8,0,147,254,1
445476831.46114,120,43,0,128,216,52,55,233,66,255,185,2,0
445476831.52076,212,217,144,14,255,127,213,226,66,254,108,2,0
445476831.64123,92,168,188,158,68,27,71,226,94,254,231,1,0
445476831.70066,240,222,132,53,255,127,251,228,188,0,45,3,0
445476831.82138,40,223,255,127,208,118,13,225,181,2,173,3,0
445476831.91109,40,187,255,127,32,109,139,226,123,6,156,5,1
445476832.00232,72,19,255,127,228,128,11,235,31,9,96,3,0
445476832.06177,112,64,20,109,0,128,147,233,1,9,181,255,0
445476832.12075,228,7,255,127,104,164,85,231,57,9,234,254,0
445476832.18075,192,13,255,127,0,128,211,231,107,9,140,252,0
445476832.27071,24,25,255,127,0,128,60,229,128,8,146,252,0
445476832.36082,108,22,255,127,0,128,236,230,9,6,232,248,0
445476832.42117,88,53,192,120,0,128,236,231,82,5,132,248,0
445476832.51078,144,65,255,127,0,128,118,229,29,5,123,249,0
445476832.66222,48,44,152,58,0,128,87,232,42,5,100,249,1
445476832.75187,52,46,16,6,0,128,188,232,172,1,138,248,0
445476832.84077,164,35,104,234,0,128,82,231,238,1,36,247,0
445476833.02536,228,49,0,128,0,128,96,232,213,2,72,245,0
445476833.11178,252,48,0,128,0,128,191,228,221,251,111,250,0
445476833.20100,76,2,0,128,0,128,233,227,179,250,95,250,1
445476833.26110,236,218,0,128,240,167,69,227,76,251,205,254,0
445476833.32103,172,243,12,150,0,128,166,228,215,250,165,255,0
445476833.38102,204,171,0,128,12,138,140,225,218,252,235,254,0
445476833.47073,192,241,0,128,0,128,222,226,113,254,224,255,0
445476833.53062,44,251,0,128,48,28,245,229,71,0,235,254,0
445476833.74081,28,251,172,155,200,234,47,226,228,254,231,254,0
445476833.95086,176,172,72,16,52,74,108,231,99,253,251,2,1
445476834.01247,168,22,255,127,80,27,48,226,92,3,240,7,0
445476834.10160,236,0,255,127,40,254,157,228,78,6,4,7,0
445476834.16098,40,94,255,127,255,127,16,230,116,8,194,251,0
445476834.22110,196,148,255,127,0,128,57,230,238,9,39,253,0
445476834.28079,180,55,255,127,0,128,231,228,208,9,55,253,0
445476834.34091,164,42,255,127,0,128,5,229,168,6,17,250,1
445476834.43123,255,127,255,127,0,128,201,234,211,6,64,250,0
445476834.49094,160,59,255,127,0,128,58,233,45,5,86,251,0
445476834.58085,168,57,164,118,0,128,64,231,90,8,196,251,0
445476834.67084,96,27,236,108,0,128,16,232,94,7,245,250,0
445476834.73058,208,83,128,47,0,128,23,230,42,7,15,249,0
445476834.79083,255,127,188,138,0,128,160,230,163,5,209,248,0
445476834.88106,68,71,124,205,0,128,160,232,120,4,247,246,0
445476834.94127,24,255,116,135,0,128,86,229,7,5,123,244,1
445476835.03288,120,46,0,128,0,128,113,232,66,254,43,244,0
445476835.15168,40,20,0,128,0,128,129,229,172,250,243,247,0
445476835.21085,148,3,0,128,0,128,93,227,201,249,7,249,0
445476835.30092,52,16,0,128,0,128,247,225,152,248,206,252,0
445476835.42093,8,14,180,209,0,128,247,230,66,250,43,3,0
445476835.51092,208,51,0,128,255,127,21,233,58,250,94,2,1
445476835.57091,120,200,0,128,255,127,157,236,131,3,3,1,0
445476835.66153,192,229,28,94,255,127,124,227,96,1,196,2,0
445476835.72096,96,181,255,127,64,120,115,224,11,3,4,3,0
445476835.81087,36,24,255,127,160,198,6,229,133,4,232,4,0
445476835.87110,248,3,255,127,255,127,10,228,122,8,237,255,0
445476835.93074,216,65,204,32,0,128,45,232,240,6,44,0,0
445476836.02295,0,128,255,127,255,127,106,228,37,6,70,0,1
